0
0.00785469
0.0157089
0.0235621
0.0314139
0.0392637
0.0471112
0.0549557
0.0627968
0.070634
0.0784669
0.086295
0.0941177
0.101935
0.109745
0.117549
0.125346
0.133135
0.140915
0.148687
0.15645
0.164203
0.171946
0.179679
0.1874
0.19511
0.202807
0.210492
0.218165
0.225823
0.233468
0.241099
0.248714
0.256314
0.263899
0.271467
0.279018
0.286552
0.294069
0.301567
0.309047
0.316508
0.323949
0.33137
0.33877
0.34615
0.353509
0.360845
0.36816
0.375451
0.38272
0.389965
0.397185
0.404382
0.411553
0.418699
0.425819
0.432913
0.43998
0.44702
0.454032
0.461017
0.467973
0.4749
0.481798
0.488666
0.495504
0.502311
0.509087
0.515832
0.522545
0.529226
0.535875
0.54249
0.549071
0.555619
0.562133
0.568612
0.575055
0.581464
0.587836
0.594172
0.600472
0.606734
0.612959
0.619146
0.625295
0.631406
0.637477
0.643509
0.649502
0.655454
0.661366
0.667237
0.673067
0.678856
0.684602
0.690306
0.695968
0.701587
0.707162
0.712694
0.718182
0.723626
0.729025
0.734378
0.739687
0.74495
0.750167
0.755338
0.760462
0.765539
0.770569
0.775552
0.780486
0.785373
0.790211
0.795
0.79974
0.804431
0.809072
0.813664
0.818205
0.822695
0.827135
0.831524
0.835862
0.840148
0.844382
0.848564
0.852694
0.856771
0.860795
0.864766
0.868684
0.872548
0.876358
0.880114
0.883816
0.887464
0.891056
0.894594
0.898077
0.901504
0.904875
0.908191
0.91145
0.914654
0.917801
0.920891
0.923925
0.926901
0.92982
0.932682
0.935487
0.938233
0.940922
0.943553
0.946126
0.94864
0.951095
0.953492
0.95583
0.95811
0.96033
0.96249
0.964592
0.966634
0.968616
0.970538
0.972401
0.974204
0.975946
0.977629
0.979251
0.980812
0.982313
0.983754
0.985133
0.986452
0.98771
0.988908
0.990044
0.991119
0.992133
0.993086
0.993977
0.994807
0.995576
0.996283
0.996929
0.997513
0.998036
0.998497
0.998897
0.999235
0.999511
0.999726
0.999879
0.99997
1
0.999968
0.999874
0.999719
0.999502
0.999223
0.998882
0.99848
0.998016
0.997491
0.996904
0.996256
0.995546
0.994775
0.993942
0.993049
0.992093
0.991077
0.99
0.988861
0.987661
0.986401
0.985079
0.983697
0.982254
0.980751
0.979187
0.977562
0.975878
0.974133
0.972328
0.970463
0.968538
0.966553
0.964509
0.962405
0.960242
0.95802
0.955738
0.953398
0.950998
0.94854
0.946024
0.943449
0.940816
0.938125
0.935376
0.932569
0.929705
0.926783
0.923804
0.920769
0.917676
0.914527
0.911321
0.908059
0.904741
0.901368
0.897938
0.894454
0.890914
0.887319
0.883669
0.879965
0.876207
0.872394
0.868528
0.864608
0.860635
0.856609
0.852529
0.848398
0.844213
0.839977
0.835689
0.83135
0.826959
0.822517
0.818024
0.813481
0.808888
0.804244
0.799552
0.794809
0.790018
0.785178
0.78029
0.775353
0.770369
0.765337
0.760258
0.755132
0.749959
0.74474
0.739476
0.734165
0.728809
0.723409
0.717963
0.712474
0.70694
0.701363
0.695742
0.690079
0.684373
0.678625
0.672835
0.667003
0.66113
0.655217
0.649263
0.643269
0.637235
0.631162
0.62505
0.6189
0.612711
0.606484
0.60022
0.593919
0.587582
0.581208
0.574798
0.568353
0.561873
0.555358
0.548809
0.542226
0.535609
0.52896
0.522278
0.515563
0.508817
0.502039
0.495231
0.488392
0.481522
0.474623
0.467695
0.460738
0.453753
0.446739
0.439698
0.43263
0.425535
0.418414
0.411267
0.404094
0.396897
0.389675
0.382429
0.37516
0.367867
0.360552
0.353215
0.345855
0.338475
0.331073
0.323651
0.316209
0.308748
0.301268
0.293769
0.286251
0.278717
0.271165
0.263596
0.256011
0.24841
0.240794
0.233163
0.225517
0.217858
0.210185
0.2025
0.194801
0.187091
0.179369
0.171637
0.163893
0.15614
0.148376
0.140604
0.132823
0.125034
0.117237
0.109433
0.101622
0.0938049
0.085982
0.0781537
0.0703206
0.0624832
0.054642
0.0467973
0.0389498
0.0310999
0.023248
0.0153947
0.0075405
-0.000314191
-0.00816887
-0.016023
-0.0238762
-0.0317279
-0.0395777
-0.047425
-0.0552694
-0.0631104
-0.0709474
-0.0787801
-0.086608
-0.0944305
-0.102247
-0.110058
-0.117861
-0.125657
-0.133446
-0.141226
-0.148998
-0.15676
-0.164513
-0.172256
-0.179988
-0.187708
-0.195418
-0.203115
-0.2108
-0.218471
-0.22613
-0.233774
-0.241404
-0.249019
-0.256618
-0.264202
-0.271769
-0.27932
-0.286853
-0.294369
-0.301867
-0.309346
-0.316806
-0.324246
-0.331666
-0.339066
-0.346445
-0.353803
-0.361138
-0.368452
-0.375742
-0.38301
-0.390254
-0.397474
-0.404669
-0.411839
-0.418984
-0.426103
-0.433196
-0.440262
-0.447301
-0.454312
-0.461296
-0.46825
-0.475176
-0.482073
-0.48894
-0.495777
-0.502583
-0.509358
-0.516101
-0.522813
-0.529493
-0.53614
-0.542754
-0.549334
-0.55588
-0.562393
-0.56887
-0.575312
-0.581719
-0.58809
-0.594425
-0.600723
-0.606984
-0.613207
-0.619393
-0.625541
-0.631649
-0.637719
-0.64375
-0.649741
-0.655691
-0.661602
-0.667471
-0.673299
-0.679086
-0.684831
-0.690534
-0.696194
-0.701811
-0.707384
-0.712915
-0.718401
-0.723842
-0.72924
-0.734592
-0.739899
-0.74516
-0.750375
-0.755544
-0.760666
-0.765741
-0.77077
-0.77575
-0.780683
-0.785567
-0.790403
-0.795191
-0.799929
-0.804618
-0.809257
-0.813846
-0.818385
-0.822874
-0.827312
-0.831699
-0.836034
-0.840318
-0.84455
-0.84873
-0.852858
-0.856933
-0.860955
-0.864924
-0.868839
-0.872701
-0.876509
-0.880264
-0.883963
-0.887609
-0.891199
-0.894734
-0.898215
-0.90164
-0.905009
-0.908322
-0.91158
-0.914781
-0.917925
-0.921014
-0.924045
-0.927019
-0.929936
-0.932796
-0.935598
-0.938342
-0.941029
-0.943657
-0.946227
-0.948739
-0.951192
-0.953587
-0.955923
-0.9582
-0.960417
-0.962576
-0.964675
-0.966714
-0.968694
-0.970614
-0.972474
-0.974275
-0.976015
-0.977695
-0.979314
-0.980873
-0.982372
-0.98381
-0.985187
-0.986504
-0.98776
-0.988954
-0.990088
-0.991161
-0.992172
-0.993122
-0.994011
-0.994839
-0.995605
-0.99631
-0.996954
-0.997535
-0.998056
-0.998515
-0.998912
-0.999247
-0.999521
-0.999733
-0.999884
-0.999973
-1
-0.999965
-0.999869
-0.999711
-0.999492
-0.99921
-0.998867
-0.998463
-0.997997
-0.997469
-0.99688
-0.996229
-0.995517
-0.994743
-0.993908
-0.993012
-0.992054
-0.991035
-0.989955
-0.988814
-0.987612
-0.986349
-0.985025
-0.983641
-0.982195
-0.980689
-0.979123
-0.977496
-0.975809
-0.974062
-0.972254
-0.970387
-0.96846
-0.966473
-0.964426
-0.96232
-0.960154
-0.957929
-0.955646
-0.953303
-0.950901
-0.948441
-0.945922
-0.943345
-0.940709
-0.938016
-0.935265
-0.932456
-0.929589
-0.926665
-0.923684
-0.920646
-0.917551
-0.9144
-0.911192
-0.907928
-0.904608
-0.901232
-0.8978
-0.894313
-0.890771
-0.887174
-0.883522
-0.879816
-0.876055
-0.872241
-0.868372
-0.86445
-0.860475
-0.856446
-0.852365
-0.848231
-0.844045
-0.839807
-0.835517
-0.831175
-0.826782
-0.822338
-0.817843
-0.813298
-0.808703
-0.804058
-0.799363
-0.794619
-0.789826
-0.784984
-0.780093
-0.775155
-0.770169
-0.765135
-0.760054
-0.754926
-0.749752
-0.744531
-0.739264
-0.733952
-0.728594
-0.723192
-0.717745
-0.712253
-0.706718
-0.701139
-0.695517
-0.689852
-0.684144
-0.678394
-0.672602
-0.666769
-0.660895
-0.654979
-0.649024
-0.643028
-0.636993
-0.630918
-0.624805
-0.618653
-0.612463
-0.606235
-0.599969
-0.593667
-0.587328
-0.580952
-0.574541
-0.568095
-0.561613
-0.555097
-0.548546
-0.541962
-0.535344
-0.528693
-0.52201
-0.515294
-0.508546
-0.501768
-0.494958
-0.488117
-0.481247
-0.474347
-0.467417
-0.460459
-0.453473
-0.446458
-0.439416
-0.432346
-0.42525
-0.418128
-0.41098
-0.403807
-0.396609
-0.389386
-0.382139
-0.374869
-0.367575
-0.360259
-0.352921
-0.345561
-0.338179
-0.330777
-0.323354
-0.315911
-0.308449
-0.300968
-0.293468
-0.28595
-0.278415
-0.270862
-0.263293
-0.255707
-0.248106
-0.240489
-0.232857
-0.225211
-0.217551
-0.209878
-0.202192
-0.194493
-0.186783
-0.17906
-0.171327
-0.163583
-0.155829
-0.148066
-0.140293
-0.132512
-0.124722
-0.116925
-0.109121
-0.101309
-0.0934921
-0.0856689
-0.0778405
-0.0700072
-0.0621696
-0.0543282
-0.0464835
-0.0386358
-0.0307858
-0.0229339
-0.0150806
-0.00722632
0.000628381
0.00848305
0.0163372
0.0241903
0.032042
0.0398916
0.0477388
0.0555831
0.0634239
0.0712608
0.0790934
0.086921
0.0947433
0.10256
0.11037
0.118173
0.125969
0.133757
0.141537
0.149309
0.157071
0.164823
0.172565
0.180297
0.188017
0.195726
0.203423
0.211107
0.218778
0.226436
0.234079
0.241708
0.249323
0.256922
0.264505
0.272072
0.279622
0.287154
0.294669
0.302166
0.309644
0.317104
0.324543
0.331963
0.339362
0.34674
0.354096
0.361431
0.368744
0.376034
0.3833
0.390543
0.397762
0.404956
0.412126
0.41927
0.426388
0.433479
0.440544
0.447582
0.454592
0.461574
0.468528
0.475453
0.482348
0.489214
0.496049
0.502854
0.509628
0.516371
0.523081
0.529759
0.536405
0.543017
0.549596
0.556142
0.562652
0.569128
0.575569
0.581975
0.588344
0.594678
0.600974
0.607234
0.613456
0.61964
0.625786
0.631893
0.637961
0.64399
0.649979
0.655929
0.661837
0.667705
0.673532
0.679317
0.68506
0.690761
0.696419
0.702034
0.707606
0.713135
0.718619
0.724059
0.729455
0.734805
0.74011
0.745369
0.750583
0.75575
0.76087
0.765943
0.77097
0.775948
0.780879
0.785762
0.790596
0.795381
0.800117
0.804804
0.809442
0.814029
0.818566
0.823053
0.827488
0.831873
0.836206
0.840488
0.844718
0.848896
0.853022
0.857094
0.861114
0.865081
0.868995
0.872855
0.876661
0.880413
0.88411
0.887753
0.891341
0.894875
0.898353
0.901776
0.905143
0.908454
0.911709
0.914908
0.91805
0.921136
0.924165
0.927137
0.930051
0.932909
0.935709
0.938451
0.941135
0.943761
0.946329
0.948838
0.951289
0.953682
0.956015
0.958289
0.960505
0.962661
0.964757
0.966794
0.968772
0.97069
0.972548
0.974345
0.976083
0.977761
0.979378
0.980934
0.982431
0.983866
0.985241
0.986555
0.987808
0.989001
0.990132
0.991202
0.992211
0.993159
0.994046
0.994871
0.995635
0.996337
0.996978
0.997557
0.998075
0.998532
0.998926
0.999259
0.999531
0.999741
0.999889
0.999975
1
0.999963
0.999864
0.999704
0.999481
0.999198
0.998852
0.998445
0.997977
0.997447
0.996855
0.996202
0.995487
0.994711
0.993873
0.992974
0.992014
0.990993
0.989911
0.988767
0.987563
0.986297
0.984971
0.983584
0.982136
0.980628
0.979059
0.97743
0.97574
0.973991
0.972181
0.970311
0.968381
0.966392
0.964343
0.962234
0.960066
0.957839
0.955553
0.953208
0.950804
0.948341
0.94582
0.94324
0.940603
0.937907
0.935153
0.932342
0.929473
0.926547
0.923564
0.920523
0.917426
0.914272
0.911062
0.907796
0.904474
0.901095
0.897662
0.894173
0.890628
0.887029
0.883375
0.879667
0.875904
0.872087
0.868216
0.864292
0.860315
0.856284
0.852201
0.848065
0.843876
0.839636
0.835344
0.831
0.826605
0.822159
0.817663
0.813115
0.808518
0.803871
0.799174
0.794428
0.789633
0.784789
0.779897
0.774956
0.769968
0.764933
0.75985
0.75472
0.749544
0.744321
0.739052
0.733738
0.728379
0.722975
0.717526
0.712033
0.706496
0.700915
0.695291
0.689624
0.683915
0.678163
0.67237
0.666535
0.660659
0.654742
0.648785
0.642788
0.636751
0.630675
0.62456
0.618406
0.612214
0.605985
0.599718
0.593414
0.587073
0.580697
0.574284
0.567836
0.561353
0.554835
0.548283
0.541698
0.535078
0.528426
0.521742
0.515025
0.508276
0.501496
0.494685
0.487843
0.480972
0.47407
0.46714
0.46018
0.453192
0.446177
0.439133
0.432063
0.424966
0.417843
0.410694
0.403519
0.39632
0.389096
0.381849
0.374577
0.367283
0.359966
0.352627
0.345266
0.337883
0.33048
0.323057
0.315613
0.30815
0.300668
0.293168
0.285649
0.278113
0.27056
0.26299
0.255403
0.247801
0.240184
0.232552
0.224905
0.217245
0.209571
0.201884
0.194185
0.186474
0.178751
0.171018
0.163273
0.155519
0.147755
0.139982
0.1322
0.124411
0.116613
0.108808
0.100997
0.0931793
0.0853559
0.0775272
0.0696938
0.0618561
0.0540145
0.0461696
0.0383219
0.0304718
0.0226198
0.0147664
0.00691214
-0.000942572
-0.00879723
-0.0166513
-0.0245044
-0.032356
-0.0402056
-0.0480527
-0.0558968
-0.0637375
-0.0715742
-0.0794066
-0.087234
-0.095056
-0.102872
-0.110682
-0.118485
-0.126281
-0.134069
-0.141848
-0.149619
-0.157381
-0.165133
-0.172875
-0.180606
-0.188326
-0.196034
-0.20373
-0.211414
-0.219084
-0.226742
-0.234385
-0.242013
-0.249627
-0.257225
-0.264808
-0.272374
-0.279923
-0.287455
-0.29497
-0.302466
-0.309943
-0.317401
-0.32484
-0.332259
-0.339657
-0.347034
-0.35439
-0.361724
-0.369036
-0.376325
-0.38359
-0.390832
-0.39805
-0.405244
-0.412412
-0.419555
-0.426672
-0.433762
-0.440826
-0.447863
-0.454872
-0.461853
-0.468806
-0.475729
-0.482623
-0.489488
-0.496322
-0.503126
-0.509898
-0.51664
-0.523349
-0.530026
-0.53667
-0.543281
-0.549859
-0.556403
-0.562912
-0.569387
-0.575826
-0.58223
-0.588598
-0.59493
-0.601225
-0.607483
-0.613704
-0.619886
-0.626031
-0.632136
-0.638203
-0.644231
-0.650218
-0.656166
-0.662073
-0.667939
-0.673764
-0.679547
-0.685289
-0.690988
-0.696645
-0.702258
-0.707828
-0.713355
-0.718838
-0.724276
-0.729669
-0.735018
-0.740321
-0.745579
-0.75079
-0.755955
-0.761074
-0.766145
-0.77117
-0.776146
-0.781075
-0.785956
-0.790788
-0.795572
-0.800306
-0.804991
-0.809626
-0.814211
-0.818746
-0.823231
-0.827665
-0.832047
-0.836379
-0.840658
-0.844886
-0.849062
-0.853186
-0.857256
-0.861274
-0.865239
-0.86915
-0.873008
-0.876812
-0.880561
-0.884257
-0.887898
-0.891484
-0.895015
-0.898491
-0.901911
-0.905276
-0.908585
-0.911838
-0.915034
-0.918175
-0.921258
-0.924285
-0.927254
-0.930167
-0.933022
-0.935819
-0.938559
-0.941241
-0.943865
-0.94643
-0.948937
-0.951386
-0.953776
-0.956107
-0.958379
-0.960592
-0.962746
-0.96484
-0.966875
-0.96885
-0.970765
-0.972621
-0.974416
-0.976151
-0.977826
-0.979441
-0.980995
-0.982489
-0.983922
-0.985295
-0.986607
-0.987857
-0.989047
-0.990176
-0.991244
-0.99225
-0.993196
-0.99408
-0.994903
-0.995664
-0.996364
-0.997002
-0.997579
-0.998095
-0.998549
-0.998941
-0.999271
-0.99954
-0.999748
-0.999893
-0.999977
-0.999999
-0.99996
-0.999859
-0.999696
-0.999471
-0.999185
-0.998837
-0.998428
-0.997957
-0.997424
-0.99683
-0.996174
-0.995457
-0.994678
-0.993838
-0.992937
-0.991975
-0.990951
-0.989866
-0.98872
-0.987513
-0.986245
-0.984917
-0.983527
-0.982077
-0.980566
-0.978995
-0.977363
-0.975671
-0.973919
-0.972107
-0.970235
-0.968303
-0.966311
-0.96426
-0.962149
-0.959978
-0.957749
-0.95546
-0.953113
-0.950706
-0.948241
-0.945718
-0.943136
-0.940496
-0.937798
-0.935042
-0.932228
-0.929357
-0.926429
-0.923443
-0.9204
-0.917301
-0.914145
-0.910933
-0.907664
-0.90434
-0.900959
-0.897523
-0.894032
-0.890485
-0.886884
-0.883228
-0.879517
-0.875752
-0.871933
-0.86806
-0.864134
-0.860154
-0.856122
-0.852036
-0.847898
-0.843708
-0.839465
-0.835171
-0.830825
-0.826428
-0.82198
-0.817482
-0.812932
-0.808333
-0.803684
-0.798985
-0.794237
-0.78944
-0.784594
-0.7797
-0.774758
-0.769768
-0.76473
-0.759645
-0.754514
-0.749336
-0.744111
-0.738841
-0.733525
-0.728164
-0.722758
-0.717307
-0.711812
-0.706273
-0.700691
-0.695065
-0.689397
-0.683685
-0.677932
-0.672137
-0.666301
-0.660423
-0.654504
-0.648546
-0.642547
-0.636508
-0.630431
-0.624314
-0.618159
-0.611966
-0.605735
-0.599466
-0.593161
-0.586819
-0.580441
-0.574027
-0.567577
-0.561093
-0.554574
-0.548021
-0.541434
-0.534813
-0.52816
-0.521474
-0.514755
-0.508005
-0.501224
-0.494412
-0.487569
-0.480696
-0.473794
-0.466862
-0.459901
-0.452912
-0.445896
-0.438851
-0.43178
-0.424682
-0.417557
-0.410407
-0.403232
-0.396032
-0.388807
-0.381558
-0.374286
-0.366991
-0.359673
-0.352333
-0.344971
-0.337588
-0.330184
-0.322759
-0.315315
-0.307851
-0.300369
-0.292867
-0.285348
-0.277811
-0.270257
-0.262686
-0.255099
-0.247497
-0.239879
-0.232246
-0.224599
-0.216938
-0.209264
-0.201576
-0.193877
-0.186165
-0.178442
-0.170708
-0.162963
-0.155209
-0.147444
-0.139671
-0.131889
-0.124099
-0.116301
-0.108496
-0.100684
-0.0928664
-0.0850428
-0.077214
-0.0693804
-0.0615425
-0.0537008
-0.0458558
-0.0380079
-0.0301577
-0.0223057
-0.0144523
-0.00659796
0.00125676
0.0091114
0.0169655
0.0248185
0.03267
0.0405195
0.0483665
0.0562105
0.064051
0.0718876
0.0797198
0.087547
0.0953688
0.103185
0.110994
0.118797
0.126592
0.13438
0.142159
0.14993
0.157691
0.165443
0.173184
0.180915
0.188634
0.196342
0.204038
0.211721
0.219391
0.227048
0.23469
0.242318
0.249931
0.257529
0.265111
0.272676
0.280225
0.287756
0.29527
0.302765
0.310242
0.317699
0.325137
0.332555
0.339953
0.347329
0.354684
0.362017
0.369328
0.376616
0.38388
0.391122
0.398338
0.405531
0.412698
0.41984
0.426956
0.434045
0.441108
0.448144
0.455152
0.462132
0.469083
0.476006
0.482899
0.489762
0.496595
0.503397
0.510169
0.516909
0.523617
0.530292
0.536935
0.543545
0.550121
0.556664
0.563172
0.569645
0.576083
0.582486
0.588852
0.595183
0.601476
0.607733
0.613952
0.620133
0.626276
0.63238
0.638445
0.644471
0.650457
0.656403
0.662308
0.668173
0.673996
0.679778
0.685518
0.691215
0.69687
0.702482
0.70805
0.713575
0.719056
0.724492
0.729884
0.735231
0.740532
0.745788
0.750998
0.756161
0.761278
0.766347
0.77137
0.776345
0.781271
0.78615
0.79098
0.795762
0.800494
0.805177
0.80981
0.814394
0.818927
0.823409
0.827841
0.832222
0.836551
0.840829
0.845054
0.849228
0.853349
0.857418
0.861434
0.865396
0.869306
0.873161
0.876963
0.88071
0.884404
0.888042
0.891626
0.895155
0.898629
0.902047
0.905409
0.908716
0.911967
0.915161
0.918299
0.92138
0.924405
0.927372
0.930282
0.933135
0.93593
0.938668
0.941347
0.943969
0.946532
0.949037
0.951483
0.95387
0.956199
0.958469
0.960679
0.962831
0.964923
0.966955
0.968928
0.970841
0.972694
0.974487
0.976219
0.977892
0.979504
0.981056
0.982548
0.983978
0.985348
0.986658
0.987906
0.989094
0.99022
0.991285
0.992289
0.993232
0.994114
0.994934
0.995693
0.996391
0.997027
0.997601
0.998114
0.998565
0.998955
0.999283
0.99955
0.999755
0.999898
0.999979
0.999999
0.999957
0.999853
0.999688
0.999461
0.999172
0.998822
0.99841
0.997937
0.997401
0.996805
0.996147
0.995427
0.994646
0.993804
0.9929
0.991935
0.990909
0.989821
0.988673
0.987464
0.986193
0.984862
0.98347
0.982018
0.980505
0.978931
0.977297
0.975603
0.973848
0.972033
0.970159
0.968224
0.96623
0.964176
0.962063
0.95989
0.957658
0.955368
0.953018
0.950609
0.948142
0.945616
0.943032
0.940389
0.937689
0.934931
0.932115
0.929241
0.92631
0.923322
0.920278
0.917176
0.914018
0.910803
0.907532
0.904205
0.900823
0.897385
0.893891
0.890342
0.886739
0.88308
0.879367
0.8756
0.871779
0.867904
0.863976
0.859994
0.855959
0.851872
0.847732
0.843539
0.839295
0.834998
0.83065
0.826251
0.821801
0.817301
0.812749
0.808148
0.803497
0.798796
0.794046
0.789247
0.784399
0.779503
0.774559
0.769567
0.764528
0.759441
0.754307
0.749127
0.743901
0.738629
0.733311
0.727948
0.72254
0.717088
0.711591
0.706051
0.700467
0.694839
0.689169
0.683456
0.677701
0.671904
0.666066
0.660187
0.654267
0.648307
0.642306
0.636266
0.630187
0.624069
0.617912
0.611717
0.605485
0.599215
0.592908
0.586564
0.580185
0.573769
0.567319
0.560833
0.554312
0.547758
0.541169
0.534548
0.527893
0.521205
0.514486
0.507735
0.500952
0.494139
0.487295
0.480421
0.473517
0.466584
0.459622
0.452632
0.445614
0.438569
0.431496
0.424397
0.417272
0.410121
0.402944
0.395743
0.388518
0.381268
0.373995
0.366699
0.35938
0.352039
0.344676
0.337292
0.329887
0.322462
0.315017
0.307552
0.300069
0.292567
0.285047
0.277509
0.269955
0.262383
0.254796
0.247192
0.239574
0.23194
0.224293
0.216631
0.208956
0.201269
0.193569
0.185856
0.178133
0.170398
0.162653
0.154898
0.147134
0.13936
0.131577
0.123787
0.115989
0.108184
0.100372
0.0925536
0.0847298
0.0769007
0.0690669
0.0612289
0.053387
0.0455419
0.037694
0.0298437
0.0219916
0.0141381
0.00628377
-0.00157095
-0.00942558
-0.0172796
-0.0251326
-0.032984
-0.0408334
-0.0486803
-0.0565242
-0.0643646
-0.072201
-0.0800329
-0.08786
-0.0956816
-0.103497
-0.111307
-0.119109
-0.126904
-0.134691
-0.14247
-0.15024
-0.158001
-0.165753
-0.173493
-0.181224
-0.188943
-0.19665
-0.204345
-0.212028
-0.219698
-0.227354
-0.234996
-0.242623
-0.250236
-0.257833
-0.265414
-0.272979
-0.280526
-0.288057
-0.29557
-0.303065
-0.310541
-0.317997
-0.325434
-0.332852
-0.340248
-0.347624
-0.354978
-0.36231
-0.36962
-0.376907
-0.384171
-0.391411
-0.398627
-0.405818
-0.412984
-0.420125
-0.42724
-0.434329
-0.44139
-0.448425
-0.455432
-0.46241
-0.469361
-0.476282
-0.483174
-0.490036
-0.496868
-0.503669
-0.510439
-0.517178
-0.523884
-0.530559
-0.5372
-0.543809
-0.550384
-0.556925
-0.563431
-0.569903
-0.57634
-0.582741
-0.589106
-0.595435
-0.601727
-0.607982
-0.6142
-0.620379
-0.626521
-0.632623
-0.638687
-0.644711
-0.650695
-0.65664
-0.662544
-0.668406
-0.674228
-0.680008
-0.685746
-0.691442
-0.697095
-0.702705
-0.708272
-0.713795
-0.719274
-0.724709
-0.730099
-0.735444
-0.740743
-0.745997
-0.751205
-0.756366
-0.761481
-0.766549
-0.77157
-0.776543
-0.781468
-0.786344
-0.791173
-0.795952
-0.800682
-0.805363
-0.809995
-0.814576
-0.819107
-0.823587
-0.828017
-0.832396
-0.836723
-0.840999
-0.845222
-0.849394
-0.853513
-0.85758
-0.861593
-0.865554
-0.869461
-0.873314
-0.877114
-0.880859
-0.88455
-0.888187
-0.891768
-0.895295
-0.898766
-0.902182
-0.905543
-0.908847
-0.912096
-0.915288
-0.918423
-0.921502
-0.924524
-0.92749
-0.930397
-0.933248
-0.936041
-0.938776
-0.941453
-0.944072
-0.946633
-0.949136
-0.951579
-0.953965
-0.956291
-0.958558
-0.960767
-0.962915
-0.965005
-0.967035
-0.969005
-0.970916
-0.972766
-0.974557
-0.976288
-0.977958
-0.979568
-0.981117
-0.982606
-0.984034
-0.985402
-0.986709
-0.987955
-0.98914
-0.990264
-0.991327
-0.992328
-0.993269
-0.994148
-0.994966
-0.995722
-0.996417
-0.997051
-0.997623
-0.998133
-0.998582
-0.99897
-0.999295
-0.999559
-0.999762
-0.999902
-0.999981
-0.999999
-0.999954
-0.999848
-0.99968
-0.999451
-0.99916
-0.998807
-0.998392
-0.997916
-0.997379
-0.99678
-0.996119
-0.995397
-0.994613
-0.993769
-0.992862
-0.991895
-0.990866
-0.989777
-0.988626
-0.987414
-0.986141
-0.984808
-0.983413
-0.981958
-0.980443
-0.978867
-0.97723
-0.975534
-0.973777
-0.97196
-0.970083
-0.968146
-0.966149
-0.964093
-0.961977
-0.959802
-0.957568
-0.955275
-0.952922
-0.950511
-0.948042
-0.945513
-0.942927
-0.940282
-0.93758
-0.934819
-0.932001
-0.929125
-0.926192
-0.923202
-0.920155
-0.917051
-0.91389
-0.910673
-0.9074
-0.904071
-0.900686
-0.897246
-0.89375
-0.890199
-0.886593
-0.882933
-0.879218
-0.875449
-0.871625
-0.867748
-0.863818
-0.859834
-0.855797
-0.851707
-0.847565
-0.84337
-0.839124
-0.834825
-0.830476
-0.826074
-0.821622
-0.81712
-0.812566
-0.807963
-0.80331
-0.798607
-0.793855
-0.789054
-0.784205
-0.779306
-0.77436
-0.769366
-0.764325
-0.759237
-0.754101
-0.748919
-0.743691
-0.738417
-0.733098
-0.727733
-0.722323
-0.716869
-0.711371
-0.705828
-0.700242
-0.694613
-0.688941
-0.683227
-0.67747
-0.671672
-0.665832
-0.659951
-0.654029
-0.648067
-0.642065
-0.636024
-0.629943
-0.623823
-0.617665
-0.611469
-0.605235
-0.598963
-0.592655
-0.58631
-0.579929
-0.573512
-0.56706
-0.560573
-0.554051
-0.547495
-0.540905
-0.534282
-0.527626
-0.520937
-0.514216
-0.507464
-0.50068
-0.493865
-0.48702
-0.480145
-0.47324
-0.466306
-0.459343
-0.452352
-0.445333
-0.438286
-0.431213
-0.424113
-0.416986
-0.409834
-0.402657
-0.395455
-0.388228
-0.380977
-0.373703
-0.366406
-0.359086
-0.351745
-0.344381
-0.336996
-0.329591
-0.322165
-0.314719
-0.307253
-0.299769
-0.292267
-0.284746
-0.277207
-0.269652
-0.26208
-0.254492
-0.246888
-0.239269
-0.231635
-0.223987
-0.216325
-0.208649
-0.200961
-0.19326
-0.185548
-0.177824
-0.170089
-0.162343
-0.154588
-0.146823
-0.139049
-0.131266
-0.123475
-0.115677
-0.107871
-0.100059
-0.0922408
-0.0844167
-0.0765875
-0.0687535
-0.0609153
-0.0530733
-0.045228
-0.03738
-0.0295296
-0.0216775
-0.0138239
-0.00596959
0.00188514
0.00973976
0.0175938
0.0254467
0.0332981
0.0411474
0.0489941
0.0568379
0.0646781
0.0725143
0.0803461
0.0881729
0.0959943
0.10381
0.111619
0.119421
0.127216
0.135003
0.142781
0.150551
0.158312
0.166062
0.173803
0.181533
0.189251
0.196958
0.204653
0.212335
0.220004
0.22766
0.235301
0.242928
0.25054
0.258136
0.265717
0.273281
0.280828
0.288358
0.29587
0.303364
0.310839
0.318295
0.325732
0.333148
0.340544
0.347918
0.355271
0.362603
0.369912
0.377198
0.384461
0.3917
0.398915
0.406105
0.41327
0.42041
0.427524
0.434612
0.441672
0.448706
0.455711
0.462689
0.469638
0.476558
0.483449
0.49031
0.49714
0.50394
0.510709
0.517446
0.524152
0.530825
0.537465
0.544072
0.550646
0.557186
0.563691
0.570161
0.576597
0.582996
0.58936
0.595687
0.601978
0.608232
0.614448
0.620626
0.626765
0.632867
0.638929
0.644951
0.650934
0.656877
0.662779
0.66864
0.67446
0.680239
0.685975
0.691669
0.697321
0.702929
0.708494
0.714015
0.719493
0.724925
0.730314
0.735657
0.740954
0.746206
0.751412
0.756572
0.761685
0.766751
0.771769
0.77674
0.781664
0.786538
0.791365
0.796142
0.800871
0.80555
0.810179
0.814758
0.819287
0.823766
0.828193
0.83257
0.836895
0.841169
0.84539
0.84956
0.853677
0.857741
0.861753
0.865711
0.869616
0.873467
0.877265
0.881008
0.884697
0.888331
0.891911
0.895435
0.898904
0.902318
0.905676
0.908978
0.912224
0.915414
0.918548
0.921624
0.924644
0.927607
0.930513
0.933361
0.936151
0.938884
0.941559
0.944176
0.946734
0.949234
0.951676
0.954059
0.956383
0.958648
0.960854
0.963
0.965087
0.967115
0.969083
0.970991
0.972839
0.974627
0.976355
0.978023
0.979631
0.981178
0.982664
0.98409
0.985455
0.98676
0.988003
0.989186
0.990307
0.991368
0.992367
0.993305
0.994182
0.994997
0.995751
0.996444
0.997075
0.997644
0.998152
0.998599
0.998984
0.999307
0.999569
0.999768
0.999907
0.999983
0.999998
0.999951
0.999842
0.999672
0.99944
0.999147
0.998791
0.998374
0.997896
0.997356
0.996754
0.996091
0.995367
0.994581
0.993734
0.992825
0.991855
0.990824
0.989732
0.988579
0.987364
0.986089
0.984753
0.983356
0.981899
0.980381
0.978802
0.977164
0.975464
0.973705
0.971886
0.970006
0.968067
0.966068
0.964009
0.961891
0.959714
0.957477
0.955182
0.952827
0.950414
0.947942
0.945411
0.942822
0.940175
0.93747
0.934707
0.931887
0.929009
0.926073
0.923081
0.920032
0.916925
0.913763
0.910543
0.907268
0.903937
0.90055
0.897107
0.893609
0.890056
0.886448
0.882785
0.879068
0.875297
0.871471
0.867592
0.863659
0.859673
0.855634
0.851542
0.847398
0.843201
0.838953
0.834652
0.8303
0.825897
0.821443
0.816938
0.812383
0.807778
0.803123
0.798418
0.793664
0.788861
0.78401
0.77911
0.774161
0.769166
0.764122
0.759032
0.753895
0.748711
0.743481
0.738205
0.732884
0.727517
0.722106
0.71665
0.71115
0.705606
0.700018
0.694387
0.688713
0.682997
0.677239
0.671439
0.665597
0.659715
0.653792
0.647828
0.641824
0.635781
0.629699
0.623578
0.617418
0.61122
0.604984
0.598712
0.592402
0.586055
0.579673
0.573255
0.566801
0.560312
0.553789
0.547232
0.540641
0.534016
0.527359
0.520669
0.513947
0.507193
0.500408
0.493592
0.486746
0.479869
0.472963
0.466028
0.459064
0.452072
0.445052
0.438004
0.430929
0.423828
0.416701
0.409548
0.402369
0.395166
0.387938
0.380687
0.373412
0.366114
0.358793
0.35145
0.344086
0.3367
0.329294
0.321867
0.31442
0.306954
0.299469
0.291966
0.284445
0.276906
0.26935
0.261777
0.254188
0.246583
0.238964
0.231329
0.22368
0.216018
0.208342
0.200653
0.192952
0.185239
0.177515
0.169779
0.162033
0.154277
0.146512
0.138738
0.130954
0.123163
0.115365
0.107559
0.0997465
0.0919279
0.0841036
0.0762742
0.06844
0.0606016
0.0527595
0.0449142
0.037066
0.0292156
0.0213633
0.0135098
0.0056554
-0.00219933
-0.0100539
-0.0179079
-0.0257608
-0.0336121
-0.0414613
-0.0493079
-0.0571515
-0.0649916
-0.0728277
-0.0806593
-0.0884859
-0.096307
-0.104122
-0.111931
-0.119733
-0.127527
-0.135314
-0.143092
-0.150862
-0.158622
-0.166372
-0.174112
-0.181842
-0.18956
-0.197266
-0.20496
-0.212642
-0.220311
-0.227965
-0.235606
-0.243233
-0.250844
-0.25844
-0.26602
-0.273583
-0.28113
-0.288659
-0.29617
-0.303663
-0.311138
-0.318593
-0.326029
-0.333444
-0.340839
-0.348213
-0.355565
-0.362896
-0.370204
-0.377489
-0.384751
-0.391989
-0.399203
-0.406392
-0.413556
-0.420695
-0.427808
-0.434894
-0.441954
-0.448986
-0.455991
-0.462967
-0.469915
-0.476834
-0.483724
-0.490583
-0.497413
-0.504212
-0.510979
-0.517715
-0.524419
-0.531091
-0.53773
-0.544336
-0.550908
-0.557446
-0.56395
-0.570419
-0.576853
-0.583252
-0.589614
-0.59594
-0.602229
-0.608481
-0.614695
-0.620872
-0.62701
-0.63311
-0.63917
-0.645191
-0.651173
-0.657114
-0.663014
-0.668874
-0.674692
-0.680469
-0.686204
-0.691896
-0.697546
-0.703152
-0.708716
-0.714235
-0.719711
-0.725142
-0.730528
-0.735869
-0.741165
-0.746416
-0.75162
-0.756777
-0.761888
-0.766952
-0.771969
-0.776938
-0.781859
-0.786732
-0.791557
-0.796332
-0.801059
-0.805736
-0.810363
-0.81494
-0.819467
-0.823944
-0.828369
-0.832744
-0.837067
-0.841338
-0.845558
-0.849725
-0.85384
-0.857903
-0.861912
-0.865868
-0.869771
-0.87362
-0.877415
-0.881156
-0.884843
-0.888475
-0.892053
-0.895575
-0.899042
-0.902453
-0.905809
-0.909109
-0.912353
-0.915541
-0.918672
-0.921746
-0.924764
-0.927724
-0.930628
-0.933473
-0.936262
-0.938992
-0.941665
-0.944279
-0.946835
-0.949333
-0.951772
-0.954153
-0.956475
-0.958737
-0.960941
-0.963085
-0.96517
-0.967195
-0.96916
-0.971066
-0.972912
-0.974698
-0.976423
-0.978089
-0.979694
-0.981238
-0.982723
-0.984146
-0.985509
-0.986811
-0.988052
-0.989232
-0.990351
-0.991409
-0.992406
-0.993341
-0.994216
-0.995029
-0.99578
-0.99647
-0.997099
-0.997666
-0.998172
-0.998616
-0.998998
-0.999319
-0.999578
-0.999775
-0.999911
-0.999985
-0.999997
-0.999948
-0.999837
-0.999664
-0.99943
-0.999134
-0.998776
-0.998357
-0.997876
-0.997333
-0.996729
-0.996064
-0.995337
-0.994548
-0.993698
-0.992787
-0.991815
-0.990781
-0.989687
-0.988531
-0.987314
-0.986037
-0.984698
-0.983299
-0.981839
-0.980319
-0.978738
-0.977097
-0.975395
-0.973633
-0.971812
-0.96993
-0.967988
-0.965987
-0.963926
-0.961805
-0.959626
-0.957387
-0.955089
-0.952732
-0.950316
-0.947842
-0.945309
-0.942718
-0.940068
-0.937361
-0.934596
-0.931773
-0.928892
-0.925955
-0.92296
-0.919908
-0.9168
-0.913635
-0.910413
-0.907136
-0.903802
-0.900413
-0.896968
-0.893468
-0.889913
-0.886303
-0.882638
-0.878918
-0.875145
-0.871317
-0.867436
-0.863501
-0.859513
-0.855472
-0.851378
-0.847231
-0.843033
-0.838782
-0.834479
-0.830125
-0.82572
-0.821264
-0.816757
-0.8122
-0.807593
-0.802935
-0.798229
-0.793473
-0.788668
-0.783814
-0.778913
-0.773963
-0.768965
-0.76392
-0.758827
-0.753688
-0.748503
-0.743271
-0.737993
-0.73267
-0.727302
-0.721889
-0.716431
-0.710929
-0.705383
-0.699794
-0.694161
-0.688486
-0.682768
-0.677008
-0.671206
-0.665363
-0.659479
-0.653554
-0.647589
-0.641583
-0.635539
-0.629455
-0.623332
-0.617171
-0.610971
-0.604734
-0.59846
-0.592149
-0.585801
-0.579417
-0.572997
-0.566542
-0.560052
-0.553528
-0.546969
-0.540376
-0.533751
-0.527092
-0.520401
-0.513677
-0.506922
-0.500136
-0.493319
-0.486471
-0.479594
-0.472686
-0.46575
-0.458785
-0.451792
-0.44477
-0.437722
-0.430646
-0.423543
-0.416415
-0.409261
-0.402082
-0.394877
-0.387649
-0.380396
-0.37312
-0.365821
-0.3585
-0.351156
-0.343791
-0.336404
-0.328997
-0.32157
-0.314122
-0.306655
-0.29917
-0.291666
-0.284143
-0.276604
-0.269047
-0.261474
-0.253884
-0.246279
-0.238659
-0.231023
-0.223374
-0.215711
-0.208035
-0.200345
-0.192644
-0.18493
-0.177205
-0.169469
-0.161723
-0.153967
-0.146201
-0.138426
-0.130643
-0.122852
-0.115053
-0.107247
-0.0994339
-0.091615
-0.0837906
-0.0759609
-0.0681266
-0.060288
-0.0524458
-0.0446003
-0.036752
-0.0289015
-0.0210492
-0.0131956
-0.00534122
0.00251352
0.0103681
0.0182221
0.0260749
0.0339261
0.0417752
0.0496217
0.0574652
0.0653052
0.0731411
0.0809725
0.0887988
0.0966198
0.104435
0.112243
0.120045
0.127839
0.135625
0.143403
0.151172
0.158932
0.166682
0.174422
0.182151
0.189868
0.197574
0.205268
0.212949
0.220617
0.228271
0.235912
0.243537
0.251148
0.258743
0.266322
0.273885
0.281431
0.28896
0.29647
0.303963
0.311436
0.318891
0.326326
0.33374
0.341134
0.348507
0.355859
0.363188
0.370495
0.37778
0.385041
0.392278
0.399491
0.406679
0.413843
0.42098
0.428092
0.435177
0.442236
0.449267
0.456271
0.463246
0.470193
0.47711
0.483999
0.490857
0.497685
0.504483
0.511249
0.517984
0.524687
0.531357
0.537995
0.5446
0.55117
0.557707
0.56421
0.570677
0.57711
0.583507
0.589868
0.596192
0.60248
0.60873
0.614943
0.621118
0.627255
0.633353
0.639412
0.645431
0.651411
0.65735
0.663249
0.669107
0.674924
0.680699
0.686432
0.692123
0.697771
0.703376
0.708937
0.714455
0.719929
0.725358
0.730743
0.736082
0.741376
0.746625
0.751827
0.756983
0.762092
0.767154
0.772169
0.777136
0.782055
0.786926
0.791749
0.796522
0.801247
0.805922
0.810547
0.815122
0.819647
0.824122
0.828545
0.832918
0.837239
0.841508
0.845726
0.849891
0.854004
0.858064
0.862071
0.866025
0.869926
0.873773
0.877566
0.881305
0.884989
0.888619
0.892194
0.895715
0.899179
0.902589
0.905942
0.90924
0.912482
0.915667
0.918796
0.921868
0.924883
0.927842
0.930743
0.933586
0.936372
0.9391
0.94177
0.944383
0.946936
0.949432
0.951869
0.954247
0.956566
0.958826
0.961028
0.963169
0.965252
0.967275
0.969238
0.971141
0.972984
0.974768
0.976491
0.978154
0.979757
0.981299
0.982781
0.984202
0.985562
0.986862
0.9881
0.989278
0.990394
0.99145
0.992444
0.993377
0.994249
0.99506
0.995809
0.996497
0.997123
0.997687
0.99819
0.998632
0.999012
0.99933
0.999587
0.999782
0.999915
0.999987
0.999996
0.999945
0.999831
0.999656
0.999419
0.99912
0.99876
0.998338
0.997855
0.99731
0.996704
0.996036
0.995306
0.994515
0.993663
0.99275
0.991775
0.990739
0.989642
0.988484
0.987265
0.985985
0.984644
0.983242
0.98178
0.980257
0.978674
0.97703
0.975326
0.973562
0.971737
0.969853
0.967909
0.965905
0.963842
0.961719
0.959537
0.957296
0.954995
0.952636
0.950218
0.947741
0.945206
0.942613
0.939961
0.937251
0.934484
0.931659
0.928776
0.925836
0.922839
0.919785
0.916674
0.913507
0.910283
0.907004
0.903668
0.900276
0.896829
0.893327
0.889769
0.886157
0.88249
0.878768
0.874993
0.871163
0.867279
0.863342
0.859352
0.855309
0.851213
0.847064
0.842863
0.838611
0.834306
0.82995
0.825543
0.821085
0.816576
0.812017
0.807407
0.802748
0.79804
0.793282
0.788475
0.783619
0.778715
0.773764
0.768764
0.763717
0.758623
0.753482
0.748294
0.743061
0.737781
0.732456
0.727086
0.721671
0.716212
0.710708
0.70516
0.699569
0.693935
0.688258
0.682538
0.676777
0.670973
0.665128
0.659242
0.653316
0.647349
0.641342
0.635296
0.629211
0.623086
0.616923
0.610723
0.604484
0.598208
0.591895
0.585546
0.579161
0.57274
0.566283
0.559792
0.553266
0.546706
0.540112
0.533485
0.526825
0.520132
0.513408
0.506652
0.499864
0.493046
0.486197
0.479318
0.47241
0.465472
0.458506
0.451511
0.444489
0.437439
0.430362
0.423259
0.416129
0.408974
0.401794
0.394589
0.387359
0.380106
0.372829
0.365529
0.358207
0.350862
0.343496
0.336109
0.3287
0.321272
0.313824
0.306356
0.29887
0.291365
0.283842
0.276302
0.268744
0.26117
0.25358
0.245974
0.238353
0.230718
0.223068
0.215404
0.207727
0.200038
0.192335
0.184621
0.176896
0.16916
0.161413
0.153656
0.14589
0.138115
0.130332
0.12254
0.114741
0.106934
0.0991212
0.0913022
0.0834775
0.0756476
0.0678131
0.0599744
0.052132
0.0442864
0.0364381
0.0285875
0.0207351
0.0128815
0.00502703
-0.00282771
-0.0106823
-0.0185362
-0.026389
-0.0342401
-0.0420891
-0.0499355
-0.0577789
-0.0656187
-0.0734544
-0.0812856
-0.0891118
-0.0969325
-0.104747
-0.112555
-0.120357
-0.128151
-0.135937
-0.143714
-0.151483
-0.159242
-0.166992
-0.174731
-0.182459
-0.190177
-0.197882
-0.205575
-0.213256
-0.220923
-0.228577
-0.236217
-0.243842
-0.251452
-0.259047
-0.266625
-0.274187
-0.281733
-0.28926
-0.29677
-0.304262
-0.311735
-0.319189
-0.326623
-0.334036
-0.34143
-0.348802
-0.356152
-0.363481
-0.370787
-0.378071
-0.385331
-0.392567
-0.399779
-0.406966
-0.414129
-0.421265
-0.428376
-0.43546
-0.442518
-0.449548
-0.45655
-0.463524
-0.47047
-0.477387
-0.484274
-0.491131
-0.497958
-0.504754
-0.511519
-0.518253
-0.524954
-0.531623
-0.53826
-0.544863
-0.551433
-0.557968
-0.564469
-0.570935
-0.577366
-0.583762
-0.590121
-0.596444
-0.60273
-0.60898
-0.615191
-0.621364
-0.6275
-0.633596
-0.639653
-0.645671
-0.651649
-0.657587
-0.663484
-0.669341
-0.675156
-0.680929
-0.686661
-0.69235
-0.697996
-0.703599
-0.709159
-0.714675
-0.720147
-0.725574
-0.730957
-0.736295
-0.741587
-0.746834
-0.752034
-0.757188
-0.762295
-0.767356
-0.772368
-0.777334
-0.782251
-0.78712
-0.791941
-0.796712
-0.801435
-0.806108
-0.810731
-0.815304
-0.819827
-0.8243
-0.828721
-0.833092
-0.837411
-0.841678
-0.845893
-0.850057
-0.854167
-0.858225
-0.862231
-0.866182
-0.870081
-0.873926
-0.877717
-0.881453
-0.885136
-0.888763
-0.892336
-0.895854
-0.899317
-0.902724
-0.906075
-0.909371
-0.91261
-0.915793
-0.91892
-0.92199
-0.925003
-0.927959
-0.930857
-0.933699
-0.936482
-0.939208
-0.941876
-0.944486
-0.947037
-0.94953
-0.951965
-0.954341
-0.956658
-0.958916
-0.961114
-0.963254
-0.965334
-0.967354
-0.969315
-0.971216
-0.973057
-0.974838
-0.976559
-0.978219
-0.97982
-0.981359
-0.982839
-0.984257
-0.985615
-0.986912
-0.988148
-0.989324
-0.990438
-0.991491
-0.992483
-0.993414
-0.994283
-0.995091
-0.995838
-0.996523
-0.997146
-0.997709
-0.998209
-0.998648
-0.999026
-0.999342
-0.999596
-0.999788
-0.999919
-0.999988
-0.999996
-0.999941
-0.999825
-0.999648
-0.999408
-0.999107
-0.998745
-0.99832
-0.997834
-0.997287
-0.996678
-0.996008
-0.995276
-0.994482
-0.993628
-0.992712
-0.991735
-0.990696
-0.989597
-0.988436
-0.987215
-0.985932
-0.984589
-0.983185
-0.98172
-0.980195
-0.978609
-0.976963
-0.975256
-0.97349
-0.971663
-0.969777
-0.96783
-0.965824
-0.963758
-0.961633
-0.959449
-0.957205
-0.954902
-0.952541
-0.95012
-0.947641
-0.945104
-0.942508
-0.939854
-0.937142
-0.934372
-0.931544
-0.92866
-0.925717
-0.922718
-0.919662
-0.916549
-0.913379
-0.910153
-0.906871
-0.903533
-0.90014
-0.89669
-0.893186
-0.889626
-0.886011
-0.882342
-0.878618
-0.87484
-0.871009
-0.867123
-0.863184
-0.859191
-0.855146
-0.851048
-0.846897
-0.842694
-0.838439
-0.834133
-0.829775
-0.825365
-0.820905
-0.816394
-0.811833
-0.807222
-0.802561
-0.79785
-0.79309
-0.788281
-0.783424
-0.778518
-0.773565
-0.768563
-0.763514
-0.758418
-0.753275
-0.748086
-0.74285
-0.737569
-0.732242
-0.72687
-0.721454
-0.715992
-0.710487
-0.704937
-0.699345
-0.693709
-0.68803
-0.682309
-0.676545
-0.67074
-0.664894
-0.659006
-0.653078
-0.64711
-0.641101
-0.635053
-0.628966
-0.62284
-0.616676
-0.610474
-0.604234
-0.597956
-0.591642
-0.585291
-0.578905
-0.572482
-0.566024
-0.559531
-0.553004
-0.546443
-0.539848
-0.533219
-0.526558
-0.519864
-0.513138
-0.506381
-0.499592
-0.492772
-0.485922
-0.479042
-0.472133
-0.465194
-0.458227
-0.451231
-0.444207
-0.437156
-0.430079
-0.422974
-0.415844
-0.408688
-0.401506
-0.3943
-0.387069
-0.379815
-0.372537
-0.365237
-0.357913
-0.350568
-0.343201
-0.335813
-0.328404
-0.320975
-0.313526
-0.306057
-0.29857
-0.291064
-0.283541
-0.276
-0.268442
-0.260867
-0.253276
-0.24567
-0.238048
-0.230412
-0.222762
-0.215097
-0.20742
-0.19973
-0.192027
-0.184313
-0.176587
-0.16885
-0.161103
-0.153346
-0.145579
-0.137804
-0.13002
-0.122228
-0.114428
-0.106622
-0.0988086
-0.0909893
-0.0831644
-0.0753343
-0.0674996
-0.0596608
-0.0518182
-0.0439725
-0.0361241
-0.0282734
-0.020421
-0.0125673
-0.00471284
0.0031419
0.0109965
0.0188503
0.026703
0.0345541
0.042403
0.0502493
0.0580926
0.0659322
0.0737677
0.0815988
0.0894247
0.0972452
0.10506
0.112868
0.120669
0.128462
0.136248
0.144025
0.151793
0.159552
0.167302
0.17504
0.182768
0.190485
0.19819
0.205883
0.213563
0.22123
0.228883
0.236522
0.244147
0.251756
0.25935
0.266928
0.274489
0.282034
0.289561
0.29707
0.304561
0.312033
0.319486
0.32692
0.334333
0.341725
0.349096
0.356446
0.363774
0.371079
0.378361
0.385621
0.392856
0.400067
0.407253
0.414414
0.42155
0.42866
0.435743
0.442799
0.449828
0.45683
0.463803
0.470747
0.477663
0.484549
0.491405
0.49823
0.505025
0.511789
0.518521
0.525222
0.53189
0.538525
0.545126
0.551695
0.558229
0.564728
0.571193
0.577623
0.584017
0.590375
0.596696
0.602981
0.609229
0.615439
0.621611
0.627744
0.633839
0.639895
0.645911
0.651888
0.657824
0.663719
0.669574
0.675387
0.681159
0.686889
0.692576
0.698221
0.703822
0.70938
0.714895
0.720365
0.725791
0.731172
0.736507
0.741798
0.747042
0.752241
0.757393
0.762499
0.767557
0.772568
0.777531
0.782447
0.787314
0.792132
0.796902
0.801623
0.806294
0.810915
0.815486
0.820007
0.824478
0.828897
0.833265
0.837582
0.841848
0.846061
0.850222
0.854331
0.858387
0.86239
0.866339
0.870236
0.874078
0.877867
0.881602
0.885282
0.888907
0.892478
0.895994
0.899454
0.902859
0.906208
0.909501
0.912739
0.915919
0.919044
0.922111
0.925122
0.928076
0.930972
0.933811
0.936592
0.939316
0.941982
0.944589
0.947138
0.949629
0.952061
0.954435
0.956749
0.959005
0.961201
0.963338
0.965416
0.967434
0.969392
0.971291
0.973129
0.974908
0.976626
0.978285
0.979882
0.98142
0.982897
0.984313
0.985668
0.986963
0.988197
0.989369
0.990481
0.991532
0.992521
0.993449
0.994316
0.995122
0.995866
0.996549
0.99717
0.99773
0.998228
0.998665
0.99904
0.999353
0.999605
0.999795
0.999923
0.99999
0.999995
0.999938
0.999819
0.999639
0.999397
0.999094
0.998729
0.998302
0.997814
0.997264
0.996652
0.99598
0.995245
0.994449
0.993592
0.992674
0.991694
0.990653
0.989551
0.988388
0.987164
0.985879
0.984534
0.983127
0.98166
0.980132
0.978544
0.976896
0.975187
0.973418
0.971589
0.9697
0.967751
0.965743
0.963675
0.961547
0.95936
0.957114
0.954809
0.952445
0.950022
0.947541
0.945001
0.942403
0.939746
0.937032
0.93426
0.93143
0.928543
0.925598
0.922597
0.919538
0.916423
0.913251
0.910023
0.906739
0.903399
0.900003
0.896551
0.893044
0.889482
0.885866
0.882194
0.878468
0.874688
0.870854
0.866966
0.863025
0.859031
0.854983
0.850883
0.84673
0.842525
0.838268
0.83396
0.829599
0.825188
0.820726
0.816213
0.81165
0.807036
0.802373
0.797661
0.792899
0.788088
0.783229
0.778321
0.773365
0.768362
0.763311
0.758213
0.753069
0.747877
0.74264
0.737357
0.732028
0.726655
0.721236
0.715773
0.710266
0.704714
0.69912
0.693482
0.687802
0.682079
0.676314
0.670507
0.664659
0.65877
0.65284
0.64687
0.64086
0.634811
0.628722
0.622595
0.616429
0.610225
0.603983
0.597704
0.591389
0.585037
0.578648
0.572224
0.565765
0.559271
0.552742
0.54618
0.539583
0.532953
0.526291
0.519596
0.512868
0.50611
0.49932
0.492499
0.485648
0.478766
0.471856
0.464916
0.457947
0.45095
0.443926
0.436874
0.429795
0.422689
0.415558
0.408401
0.401218
0.394011
0.38678
0.379524
0.372246
0.364944
0.35762
0.350274
0.342906
0.335517
0.328107
0.320677
0.313227
0.305758
0.29827
0.290764
0.28324
0.275698
0.268139
0.260564
0.252972
0.245365
0.237743
0.230106
0.222455
0.214791
0.207113
0.199422
0.191719
0.184004
0.176278
0.16854
0.160793
0.153036
0.145269
0.137493
0.129708
0.121916
0.114116
0.106309
0.0984959
0.0906764
0.0828513
0.075021
0.0671862
0.0593471
0.0515045
0.0436586
0.0358101
0.0279593
0.0201068
0.0122531
0.00439866
-0.00345609
-0.0113106
-0.0191645
-0.0270171
-0.0348681
-0.0427169
-0.0505631
-0.0584062
-0.0662457
-0.0740811
-0.0819119
-0.0897377
-0.0975579
-0.105372
-0.11318
-0.120981
-0.128774
-0.136559
-0.144336
-0.152104
-0.159863
-0.167611
-0.17535
-0.183077
-0.190794
-0.198498
-0.20619
-0.21387
-0.221536
-0.229189
-0.236827
-0.244451
-0.25206
-0.259654
-0.267231
-0.274792
-0.282335
-0.289862
-0.29737
-0.304861
-0.312332
-0.319784
-0.327216
-0.334629
-0.34202
-0.349391
-0.356739
-0.364066
-0.371371
-0.378652
-0.38591
-0.393145
-0.400355
-0.40754
-0.4147
-0.421835
-0.428944
-0.436026
-0.443081
-0.450109
-0.457109
-0.464081
-0.471024
-0.477939
-0.484823
-0.491678
-0.498503
-0.505296
-0.512059
-0.51879
-0.525489
-0.532156
-0.538789
-0.54539
-0.551957
-0.558489
-0.564988
-0.571451
-0.577879
-0.584272
-0.590628
-0.596949
-0.603232
-0.609478
-0.615686
-0.621857
-0.627989
-0.634082
-0.640136
-0.646151
-0.652126
-0.65806
-0.663954
-0.669807
-0.675619
-0.681389
-0.687117
-0.692803
-0.698446
-0.704045
-0.709602
-0.715114
-0.720583
-0.726007
-0.731386
-0.73672
-0.742008
-0.747251
-0.752448
-0.757598
-0.762702
-0.767758
-0.772767
-0.777729
-0.782642
-0.787508
-0.792324
-0.797092
-0.80181
-0.806479
-0.811099
-0.815668
-0.820187
-0.824655
-0.829073
-0.833439
-0.837754
-0.842017
-0.846228
-0.850387
-0.854494
-0.858548
-0.862549
-0.866496
-0.870391
-0.874231
-0.878018
-0.88175
-0.885428
-0.889051
-0.89262
-0.896133
-0.899591
-0.902994
-0.906341
-0.909632
-0.912867
-0.916045
-0.919168
-0.922233
-0.925241
-0.928193
-0.931087
-0.933923
-0.936702
-0.939424
-0.942087
-0.944692
-0.947239
-0.949727
-0.952157
-0.954528
-0.956841
-0.959094
-0.961288
-0.963422
-0.965498
-0.967513
-0.969469
-0.971365
-0.973202
-0.974978
-0.976694
-0.97835
-0.979945
-0.98148
-0.982954
-0.984368
-0.985721
-0.987013
-0.988245
-0.989415
-0.990524
-0.991573
-0.99256
-0.993485
-0.99435
-0.995153
-0.995895
-0.996575
-0.997194
-0.997751
-0.998247
-0.998681
-0.999053
-0.999364
-0.999613
-0.999801
-0.999927
-0.999991
-0.999993
-0.999934
-0.999813
-0.999631
-0.999386
-0.99908
-0.998713
-0.998284
-0.997793
-0.997241
-0.996627
-0.995951
-0.995215
-0.994416
-0.993557
-0.992636
-0.991654
-0.99061
-0.989506
-0.988341
-0.987114
-0.985827
-0.984479
-0.98307
-0.9816
-0.98007
-0.978479
-0.976829
-0.975117
-0.973346
-0.971515
-0.969623
-0.967672
-0.965661
-0.963591
-0.961461
-0.959271
-0.957023
-0.954715
-0.952349
-0.949924
-0.94744
-0.944898
-0.942298
-0.939639
-0.936922
-0.934148
-0.931316
-0.928426
-0.92548
-0.922476
-0.919415
-0.916297
-0.913123
-0.909893
-0.906606
-0.903264
-0.899866
-0.896412
-0.892903
-0.889339
-0.88572
-0.882046
-0.878318
-0.874536
-0.8707
-0.86681
-0.862866
-0.85887
-0.85482
-0.850718
-0.846563
-0.842356
-0.838097
-0.833786
-0.829424
-0.825011
-0.820546
-0.816031
-0.811466
-0.806851
-0.802186
-0.797471
-0.792707
-0.787895
-0.783033
-0.778124
-0.773166
-0.768161
-0.763108
-0.758008
-0.752862
-0.747669
-0.74243
-0.737145
-0.731814
-0.726439
-0.721018
-0.715553
-0.710044
-0.704492
-0.698895
-0.693256
-0.687574
-0.681849
-0.676082
-0.670274
-0.664424
-0.658533
-0.652602
-0.64663
-0.640619
-0.634568
-0.628478
-0.622349
-0.616181
-0.609976
-0.603733
-0.597453
-0.591135
-0.584782
-0.578392
-0.571967
-0.565506
-0.559011
-0.552481
-0.545916
-0.539319
-0.532687
-0.526024
-0.519327
-0.512599
-0.505839
-0.499047
-0.492225
-0.485373
-0.47849
-0.471579
-0.464638
-0.457668
-0.45067
-0.443644
-0.436591
-0.429511
-0.422405
-0.415272
-0.408114
-0.400931
-0.393722
-0.38649
-0.379234
-0.371954
-0.364652
-0.357326
-0.349979
-0.342611
-0.335221
-0.32781
-0.320379
-0.312929
-0.305459
-0.29797
-0.290463
-0.282938
-0.275396
-0.267836
-0.26026
-0.252668
-0.245061
-0.237438
-0.229801
-0.222149
-0.214484
-0.206805
-0.199114
-0.19141
-0.183695
-0.175968
-0.168231
-0.160483
-0.152725
-0.144958
-0.137182
-0.129397
-0.121604
-0.113804
-0.105997
-0.0981832
-0.0903635
-0.0825381
-0.0747077
-0.0668727
-0.0590335
-0.0511907
-0.0433447
-0.0354961
-0.0276453
-0.0197927
-0.011939
-0.00408447
0.00377028
0.0116248
0.0194786
0.0273312
0.0351821
0.0430308
0.0508769
0.0587199
0.0665592
0.0743944
0.082225
0.0900506
0.0978706
0.105685
0.113492
0.121292
0.129085
0.13687
0.144647
0.152415
0.160173
0.167921
0.175659
0.183386
0.191102
0.198806
0.206498
0.214177
0.221843
0.229495
0.237133
0.244756
0.252364
0.259957
0.267534
0.275094
0.282637
0.290163
0.29767
0.30516
0.31263
0.320082
0.327513
0.334925
0.342315
0.349685
0.357033
0.364359
0.371662
0.378943
0.3862
0.393434
0.400643
0.407827
0.414986
0.42212
0.429227
0.436309
0.443363
0.45039
0.457389
0.464359
0.471301
0.478215
0.485098
0.491952
0.498775
0.505568
0.512329
0.519059
0.525756
0.532422
0.539054
0.545653
0.552219
0.55875
0.565247
0.571709
0.578136
0.584527
0.590882
0.597201
0.603482
0.609727
0.615934
0.622103
0.628233
0.634325
0.640378
0.646391
0.652364
0.658297
0.664189
0.670041
0.675851
0.681619
0.687345
0.693029
0.69867
0.704268
0.709823
0.715334
0.720801
0.726223
0.7316
0.736932
0.742219
0.74746
0.752655
0.757803
0.762905
0.76796
0.772967
0.777926
0.782838
0.787701
0.792516
0.797282
0.801998
0.806665
0.811282
0.81585
0.820367
0.824833
0.829248
0.833613
0.837925
0.842187
0.846396
0.850553
0.854657
0.858709
0.862708
0.866653
0.870545
0.874384
0.878168
0.881898
0.885574
0.889195
0.892761
0.896273
0.899729
0.903129
0.906474
0.909762
0.912995
0.916171
0.919291
0.922354
0.92536
0.92831
0.931201
0.934036
0.936812
0.939531
0.942192
0.944795
0.94734
0.949826
0.952253
0.954622
0.956932
0.959183
0.961374
0.963507
0.965579
0.967593
0.969546
0.97144
0.973274
0.975048
0.976761
0.978415
0.980008
0.98154
0.983012
0.984423
0.985774
0.987064
0.988293
0.989461
0.990567
0.991613
0.992598
0.993521
0.994383
0.995184
0.995923
0.996601
0.997217
0.997772
0.998265
0.998697
0.999067
0.999375
0.999622
0.999807
0.999931
0.999992
0.999992
0.999931
0.999807
0.999622
0.999375
0.999067
0.998697
0.998265
0.997772
0.997217
0.996601
0.995923
0.995184
0.994383
0.993521
0.992598
0.991613
0.990567
0.989461
0.988293
0.987064
0.985774
0.984423
0.983012
0.98154
0.980008
0.978415
0.976761
0.975048
0.973274
0.97144
0.969546
0.967593
0.965579
0.963507
0.961374
0.959183
0.956932
0.954622
0.952253
0.949826
0.94734
0.944795
0.942192
0.939531
0.936812
0.934036
0.931201
0.92831
0.92536
0.922354
0.919291
0.916171
0.912995
0.909762
0.906474
0.903129
0.899729
0.896273
0.892761
0.889195
0.885574
0.881898
0.878168
0.874384
0.870545
0.866653
0.862708
0.858709
0.854657
0.850553
0.846396
0.842187
0.837925
0.833613
0.829248
0.824833
0.820367
0.81585
0.811282
0.806665
0.801998
0.797282
0.792516
0.787701
0.782838
0.777926
0.772967
0.76796
0.762905
0.757803
0.752655
0.74746
0.742219
0.736932
0.7316
0.726223
0.720801
0.715334
0.709823
0.704268
0.69867
0.693029
0.687345
0.681619
0.675851
0.670041
0.664189
0.658297
0.652364
0.646391
0.640378
0.634325
0.628233
0.622103
0.615934
0.609727
0.603482
0.597201
0.590882
0.584527
0.578136
0.571709
0.565247
0.55875
0.552219
0.545653
0.539054
0.532422
0.525756
0.519059
0.512329
0.505568
0.498775
0.491952
0.485098
0.478215
0.471301
0.464359
0.457389
0.45039
0.443363
0.436309
0.429227
0.42212
0.414986
0.407827
0.400643
0.393434
0.3862
0.378943
0.371662
0.364359
0.357033
0.349685
0.342315
0.334925
0.327513
0.320082
0.31263
0.30516
0.29767
0.290163
0.282637
0.275094
0.267534
0.259957
0.252364
0.244756
0.237133
0.229495
0.221843
0.214177
0.206498
0.198806
0.191102
0.183386
0.175659
0.167921
0.160173
0.152415
0.144647
0.13687
0.129085
0.121292
0.113492
0.105685
0.0978706
0.0900506
0.082225
0.0743944
0.0665592
0.0587199
0.0508769
0.0430308
0.0351821
0.0273312
0.0194786
0.0116248
0.00377028
-0.00408447
-0.011939
-0.0197927
-0.0276453
-0.0354961
-0.0433447
-0.0511907
-0.0590335
-0.0668727
-0.0747077
-0.0825381
-0.0903635
-0.0981832
-0.105997
-0.113804
-0.121604
-0.129397
-0.137182
-0.144958
-0.152725
-0.160483
-0.168231
-0.175968
-0.183695
-0.19141
-0.199114
-0.206805
-0.214484
-0.222149
-0.229801
-0.237438
-0.245061
-0.252668
-0.26026
-0.267836
-0.275396
-0.282938
-0.290463
-0.29797
-0.305459
-0.312929
-0.320379
-0.32781
-0.335221
-0.342611
-0.349979
-0.357326
-0.364652
-0.371954
-0.379234
-0.38649
-0.393722
-0.400931
-0.408114
-0.415272
-0.422405
-0.429511
-0.436591
-0.443644
-0.45067
-0.457668
-0.464638
-0.471579
-0.47849
-0.485373
-0.492225
-0.499047
-0.505839
-0.512599
-0.519327
-0.526024
-0.532687
-0.539319
-0.545916
-0.552481
-0.559011
-0.565506
-0.571967
-0.578392
-0.584782
-0.591135
-0.597453
-0.603733
-0.609976
-0.616181
-0.622349
-0.628478
-0.634568
-0.640619
-0.64663
-0.652602
-0.658533
-0.664424
-0.670274
-0.676082
-0.681849
-0.687574
-0.693256
-0.698895
-0.704492
-0.710044
-0.715553
-0.721018
-0.726439
-0.731814
-0.737145
-0.74243
-0.747669
-0.752862
-0.758008
-0.763108
-0.768161
-0.773166
-0.778124
-0.783033
-0.787895
-0.792707
-0.797471
-0.802186
-0.806851
-0.811466
-0.816031
-0.820546
-0.825011
-0.829424
-0.833786
-0.838097
-0.842356
-0.846563
-0.850718
-0.85482
-0.85887
-0.862866
-0.86681
-0.8707
-0.874536
-0.878318
-0.882046
-0.88572
-0.889339
-0.892903
-0.896412
-0.899866
-0.903264
-0.906606
-0.909893
-0.913123
-0.916297
-0.919415
-0.922476
-0.92548
-0.928426
-0.931316
-0.934148
-0.936922
-0.939639
-0.942298
-0.944898
-0.94744
-0.949924
-0.952349
-0.954715
-0.957023
-0.959271
-0.961461
-0.963591
-0.965661
-0.967672
-0.969623
-0.971515
-0.973346
-0.975117
-0.976829
-0.978479
-0.98007
-0.9816
-0.98307
-0.984479
-0.985827
-0.987114
-0.988341
-0.989506
-0.99061
-0.991654
-0.992636
-0.993557
-0.994416
-0.995215
-0.995951
-0.996627
-0.997241
-0.997793
-0.998284
-0.998713
-0.99908
-0.999386
-0.999631
-0.999813
-0.999934
-0.999993
-0.999991
-0.999927
-0.999801
-0.999613
-0.999364
-0.999053
-0.998681
-0.998247
-0.997751
-0.997194
-0.996575
-0.995895
-0.995153
-0.99435
-0.993485
-0.99256
-0.991573
-0.990524
-0.989415
-0.988245
-0.987013
-0.985721
-0.984368
-0.982954
-0.98148
-0.979945
-0.97835
-0.976694
-0.974978
-0.973202
-0.971365
-0.969469
-0.967513
-0.965498
-0.963422
-0.961288
-0.959094
-0.956841
-0.954528
-0.952157
-0.949727
-0.947239
-0.944692
-0.942087
-0.939424
-0.936702
-0.933923
-0.931087
-0.928193
-0.925241
-0.922233
-0.919168
-0.916045
-0.912867
-0.909632
-0.906341
-0.902994
-0.899591
-0.896133
-0.89262
-0.889051
-0.885428
-0.88175
-0.878018
-0.874231
-0.870391
-0.866496
-0.862549
-0.858548
-0.854494
-0.850387
-0.846228
-0.842017
-0.837754
-0.833439
-0.829073
-0.824655
-0.820187
-0.815668
-0.811099
-0.806479
-0.80181
-0.797092
-0.792324
-0.787508
-0.782642
-0.777729
-0.772767
-0.767758
-0.762702
-0.757598
-0.752448
-0.747251
-0.742008
-0.73672
-0.731386
-0.726007
-0.720583
-0.715114
-0.709602
-0.704045
-0.698446
-0.692803
-0.687117
-0.681389
-0.675619
-0.669807
-0.663954
-0.65806
-0.652126
-0.646151
-0.640136
-0.634082
-0.627989
-0.621857
-0.615686
-0.609478
-0.603232
-0.596949
-0.590628
-0.584272
-0.577879
-0.571451
-0.564988
-0.558489
-0.551957
-0.54539
-0.538789
-0.532156
-0.525489
-0.51879
-0.512059
-0.505296
-0.498503
-0.491678
-0.484823
-0.477939
-0.471024
-0.464081
-0.457109
-0.450109
-0.443081
-0.436026
-0.428944
-0.421835
-0.4147
-0.40754
-0.400355
-0.393145
-0.38591
-0.378652
-0.371371
-0.364066
-0.356739
-0.349391
-0.34202
-0.334629
-0.327216
-0.319784
-0.312332
-0.304861
-0.29737
-0.289862
-0.282335
-0.274792
-0.267231
-0.259654
-0.25206
-0.244451
-0.236827
-0.229189
-0.221536
-0.21387
-0.20619
-0.198498
-0.190794
-0.183077
-0.17535
-0.167611
-0.159863
-0.152104
-0.144336
-0.136559
-0.128774
-0.120981
-0.11318
-0.105372
-0.0975579
-0.0897377
-0.0819119
-0.0740811
-0.0662457
-0.0584062
-0.0505631
-0.0427169
-0.0348681
-0.0270171
-0.0191645
-0.0113106
-0.00345609
0.00439866
0.0122531
0.0201068
0.0279593
0.0358101
0.0436586
0.0515045
0.0593471
0.0671862
0.075021
0.0828513
0.0906764
0.0984959
0.106309
0.114116
0.121916
0.129708
0.137493
0.145269
0.153036
0.160793
0.16854
0.176278
0.184004
0.191719
0.199422
0.207113
0.214791
0.222455
0.230106
0.237743
0.245365
0.252972
0.260564
0.268139
0.275698
0.28324
0.290764
0.29827
0.305758
0.313227
0.320677
0.328107
0.335517
0.342906
0.350274
0.35762
0.364944
0.372246
0.379524
0.38678
0.394011
0.401218
0.408401
0.415558
0.422689
0.429795
0.436874
0.443926
0.45095
0.457947
0.464916
0.471856
0.478766
0.485648
0.492499
0.49932
0.50611
0.512868
0.519596
0.526291
0.532953
0.539583
0.54618
0.552742
0.559271
0.565765
0.572224
0.578648
0.585037
0.591389
0.597704
0.603983
0.610225
0.616429
0.622595
0.628722
0.634811
0.64086
0.64687
0.65284
0.65877
0.664659
0.670507
0.676314
0.682079
0.687802
0.693482
0.69912
0.704714
0.710266
0.715773
0.721236
0.726655
0.732028
0.737357
0.74264
0.747877
0.753069
0.758213
0.763311
0.768362
0.773365
0.778321
0.783229
0.788088
0.792899
0.797661
0.802373
0.807036
0.81165
0.816213
0.820726
0.825188
0.829599
0.83396
0.838268
0.842525
0.84673
0.850883
0.854983
0.859031
0.863025
0.866966
0.870854
0.874688
0.878468
0.882194
0.885866
0.889482
0.893044
0.896551
0.900003
0.903399
0.906739
0.910023
0.913251
0.916423
0.919538
0.922597
0.925598
0.928543
0.93143
0.93426
0.937032
0.939746
0.942403
0.945001
0.947541
0.950022
0.952445
0.954809
0.957114
0.95936
0.961547
0.963675
0.965743
0.967751
0.9697
0.971589
0.973418
0.975187
0.976896
0.978544
0.980132
0.98166
0.983127
0.984534
0.985879
0.987164
0.988388
0.989551
0.990653
0.991694
0.992674
0.993592
0.994449
0.995245
0.99598
0.996652
0.997264
0.997814
0.998302
0.998729
0.999094
0.999397
0.999639
0.999819
0.999938
0.999995
0.99999
0.999923
0.999795
0.999605
0.999353
0.99904
0.998665
0.998228
0.99773
0.99717
0.996549
0.995866
0.995122
0.994316
0.993449
0.992521
0.991532
0.990481
0.989369
0.988197
0.986963
0.985668
0.984313
0.982897
0.98142
0.979882
0.978285
0.976626
0.974908
0.973129
0.971291
0.969392
0.967434
0.965416
0.963338
0.961201
0.959005
0.956749
0.954435
0.952061
0.949629
0.947138
0.944589
0.941982
0.939316
0.936592
0.933811
0.930972
0.928076
0.925122
0.922111
0.919044
0.915919
0.912739
0.909501
0.906208
0.902859
0.899454
0.895994
0.892478
0.888907
0.885282
0.881602
0.877867
0.874078
0.870236
0.866339
0.86239
0.858387
0.854331
0.850222
0.846061
0.841848
0.837582
0.833265
0.828897
0.824478
0.820007
0.815486
0.810915
0.806294
0.801623
0.796902
0.792132
0.787314
0.782447
0.777531
0.772568
0.767557
0.762499
0.757393
0.752241
0.747042
0.741798
0.736507
0.731172
0.725791
0.720365
0.714895
0.70938
0.703822
0.698221
0.692576
0.686889
0.681159
0.675387
0.669574
0.663719
0.657824
0.651888
0.645911
0.639895
0.633839
0.627744
0.621611
0.615439
0.609229
0.602981
0.596696
0.590375
0.584017
0.577623
0.571193
0.564728
0.558229
0.551695
0.545126
0.538525
0.53189
0.525222
0.518521
0.511789
0.505025
0.49823
0.491405
0.484549
0.477663
0.470747
0.463803
0.45683
0.449828
0.442799
0.435743
0.42866
0.42155
0.414414
0.407253
0.400067
0.392856
0.385621
0.378361
0.371079
0.363774
0.356446
0.349096
0.341725
0.334333
0.32692
0.319486
0.312033
0.304561
0.29707
0.289561
0.282034
0.274489
0.266928
0.25935
0.251756
0.244147
0.236522
0.228883
0.22123
0.213563
0.205883
0.19819
0.190485
0.182768
0.17504
0.167302
0.159552
0.151793
0.144025
0.136248
0.128462
0.120669
0.112868
0.10506
0.0972452
0.0894247
0.0815988
0.0737677
0.0659322
0.0580926
0.0502493
0.042403
0.0345541
0.026703
0.0188503
0.0109965
0.0031419
-0.00471284
-0.0125673
-0.020421
-0.0282734
-0.0361241
-0.0439725
-0.0518182
-0.0596608
-0.0674996
-0.0753343
-0.0831644
-0.0909893
-0.0988086
-0.106622
-0.114428
-0.122228
-0.13002
-0.137804
-0.145579
-0.153346
-0.161103
-0.16885
-0.176587
-0.184313
-0.192027
-0.19973
-0.20742
-0.215097
-0.222762
-0.230412
-0.238048
-0.24567
-0.253276
-0.260867
-0.268442
-0.276
-0.283541
-0.291064
-0.29857
-0.306057
-0.313526
-0.320975
-0.328404
-0.335813
-0.343201
-0.350568
-0.357913
-0.365237
-0.372537
-0.379815
-0.387069
-0.3943
-0.401506
-0.408688
-0.415844
-0.422974
-0.430079
-0.437156
-0.444207
-0.451231
-0.458227
-0.465194
-0.472133
-0.479042
-0.485922
-0.492772
-0.499592
-0.506381
-0.513138
-0.519864
-0.526558
-0.533219
-0.539848
-0.546443
-0.553004
-0.559531
-0.566024
-0.572482
-0.578905
-0.585291
-0.591642
-0.597956
-0.604234
-0.610474
-0.616676
-0.62284
-0.628966
-0.635053
-0.641101
-0.64711
-0.653078
-0.659006
-0.664894
-0.67074
-0.676545
-0.682309
-0.68803
-0.693709
-0.699345
-0.704937
-0.710487
-0.715992
-0.721454
-0.72687
-0.732242
-0.737569
-0.74285
-0.748086
-0.753275
-0.758418
-0.763514
-0.768563
-0.773565
-0.778518
-0.783424
-0.788281
-0.79309
-0.79785
-0.802561
-0.807222
-0.811833
-0.816394
-0.820905
-0.825365
-0.829775
-0.834133
-0.838439
-0.842694
-0.846897
-0.851048
-0.855146
-0.859191
-0.863184
-0.867123
-0.871009
-0.87484
-0.878618
-0.882342
-0.886011
-0.889626
-0.893186
-0.89669
-0.90014
-0.903533
-0.906871
-0.910153
-0.913379
-0.916549
-0.919662
-0.922718
-0.925717
-0.92866
-0.931544
-0.934372
-0.937142
-0.939854
-0.942508
-0.945104
-0.947641
-0.95012
-0.952541
-0.954902
-0.957205
-0.959449
-0.961633
-0.963758
-0.965824
-0.96783
-0.969777
-0.971663
-0.97349
-0.975256
-0.976963
-0.978609
-0.980195
-0.98172
-0.983185
-0.984589
-0.985932
-0.987215
-0.988436
-0.989597
-0.990696
-0.991735
-0.992712
-0.993628
-0.994482
-0.995276
-0.996008
-0.996678
-0.997287
-0.997834
-0.99832
-0.998745
-0.999107
-0.999408
-0.999648
-0.999825
-0.999941
-0.999996
-0.999988
-0.999919
-0.999788
-0.999596
-0.999342
-0.999026
-0.998648
-0.998209
-0.997709
-0.997146
-0.996523
-0.995838
-0.995091
-0.994283
-0.993414
-0.992483
-0.991491
-0.990438
-0.989324
-0.988148
-0.986912
-0.985615
-0.984257
-0.982839
-0.981359
-0.97982
-0.978219
-0.976559
-0.974838
-0.973057
-0.971216
-0.969315
-0.967354
-0.965334
-0.963254
-0.961114
-0.958916
-0.956658
-0.954341
-0.951965
-0.94953
-0.947037
-0.944486
-0.941876
-0.939208
-0.936482
-0.933699
-0.930857
-0.927959
-0.925003
-0.92199
-0.91892
-0.915793
-0.91261
-0.909371
-0.906075
-0.902724
-0.899317
-0.895854
-0.892336
-0.888763
-0.885136
-0.881453
-0.877717
-0.873926
-0.870081
-0.866182
-0.862231
-0.858225
-0.854167
-0.850057
-0.845893
-0.841678
-0.837411
-0.833092
-0.828721
-0.8243
-0.819827
-0.815304
-0.810731
-0.806108
-0.801435
-0.796712
-0.791941
-0.78712
-0.782251
-0.777334
-0.772368
-0.767356
-0.762295
-0.757188
-0.752034
-0.746834
-0.741587
-0.736295
-0.730957
-0.725574
-0.720147
-0.714675
-0.709159
-0.703599
-0.697996
-0.69235
-0.686661
-0.680929
-0.675156
-0.669341
-0.663484
-0.657587
-0.651649
-0.645671
-0.639653
-0.633596
-0.6275
-0.621364
-0.615191
-0.60898
-0.60273
-0.596444
-0.590121
-0.583762
-0.577366
-0.570935
-0.564469
-0.557968
-0.551433
-0.544863
-0.53826
-0.531623
-0.524954
-0.518253
-0.511519
-0.504754
-0.497958
-0.491131
-0.484274
-0.477387
-0.47047
-0.463524
-0.45655
-0.449548
-0.442518
-0.43546
-0.428376
-0.421265
-0.414129
-0.406966
-0.399779
-0.392567
-0.385331
-0.378071
-0.370787
-0.363481
-0.356152
-0.348802
-0.34143
-0.334036
-0.326623
-0.319189
-0.311735
-0.304262
-0.29677
-0.28926
-0.281733
-0.274187
-0.266625
-0.259047
-0.251452
-0.243842
-0.236217
-0.228577
-0.220923
-0.213256
-0.205575
-0.197882
-0.190177
-0.182459
-0.174731
-0.166992
-0.159242
-0.151483
-0.143714
-0.135937
-0.128151
-0.120357
-0.112555
-0.104747
-0.0969325
-0.0891118
-0.0812856
-0.0734544
-0.0656187
-0.0577789
-0.0499355
-0.0420891
-0.0342401
-0.026389
-0.0185362
-0.0106823
-0.00282771
0.00502703
0.0128815
0.0207351
0.0285875
0.0364381
0.0442864
0.052132
0.0599744
0.0678131
0.0756476
0.0834775
0.0913022
0.0991212
0.106934
0.114741
0.12254
0.130332
0.138115
0.14589
0.153656
0.161413
0.16916
0.176896
0.184621
0.192335
0.200038
0.207727
0.215404
0.223068
0.230718
0.238353
0.245974
0.25358
0.26117
0.268744
0.276302
0.283842
0.291365
0.29887
0.306356
0.313824
0.321272
0.3287
0.336109
0.343496
0.350862
0.358207
0.365529
0.372829
0.380106
0.387359
0.394589
0.401794
0.408974
0.416129
0.423259
0.430362
0.437439
0.444489
0.451511
0.458506
0.465472
0.47241
0.479318
0.486197
0.493046
0.499864
0.506652
0.513408
0.520132
0.526825
0.533485
0.540112
0.546706
0.553266
0.559792
0.566283
0.57274
0.579161
0.585546
0.591895
0.598208
0.604484
0.610723
0.616923
0.623086
0.629211
0.635296
0.641342
0.647349
0.653316
0.659242
0.665128
0.670973
0.676777
0.682538
0.688258
0.693935
0.699569
0.70516
0.710708
0.716212
0.721671
0.727086
0.732456
0.737781
0.743061
0.748294
0.753482
0.758623
0.763717
0.768764
0.773764
0.778715
0.783619
0.788475
0.793282
0.79804
0.802748
0.807407
0.812017
0.816576
0.821085
0.825543
0.82995
0.834306
0.838611
0.842863
0.847064
0.851213
0.855309
0.859352
0.863342
0.867279
0.871163
0.874993
0.878768
0.88249
0.886157
0.889769
0.893327
0.896829
0.900276
0.903668
0.907004
0.910283
0.913507
0.916674
0.919785
0.922839
0.925836
0.928776
0.931659
0.934484
0.937251
0.939961
0.942613
0.945206
0.947741
0.950218
0.952636
0.954995
0.957296
0.959537
0.961719
0.963842
0.965905
0.967909
0.969853
0.971737
0.973562
0.975326
0.97703
0.978674
0.980257
0.98178
0.983242
0.984644
0.985985
0.987265
0.988484
0.989642
0.990739
0.991775
0.99275
0.993663
0.994515
0.995306
0.996036
0.996704
0.99731
0.997855
0.998338
0.99876
0.99912
0.999419
0.999656
0.999831
0.999945
0.999996
0.999987
0.999915
0.999782
0.999587
0.99933
0.999012
0.998632
0.99819
0.997687
0.997123
0.996497
0.995809
0.99506
0.994249
0.993377
0.992444
0.99145
0.990394
0.989278
0.9881
0.986862
0.985562
0.984202
0.982781
0.981299
0.979757
0.978154
0.976491
0.974768
0.972984
0.971141
0.969238
0.967275
0.965252
0.963169
0.961028
0.958826
0.956566
0.954247
0.951869
0.949432
0.946936
0.944383
0.94177
0.9391
0.936372
0.933586
0.930743
0.927842
0.924883
0.921868
0.918796
0.915667
0.912482
0.90924
0.905942
0.902589
0.899179
0.895715
0.892194
0.888619
0.884989
0.881305
0.877566
0.873773
0.869926
0.866025
0.862071
0.858064
0.854004
0.849891
0.845726
0.841508
0.837239
0.832918
0.828545
0.824122
0.819647
0.815122
0.810547
0.805922
0.801247
0.796522
0.791749
0.786926
0.782055
0.777136
0.772169
0.767154
0.762092
0.756983
0.751827
0.746625
0.741376
0.736082
0.730743
0.725358
0.719929
0.714455
0.708937
0.703376
0.697771
0.692123
0.686432
0.680699
0.674924
0.669107
0.663249
0.65735
0.651411
0.645431
0.639412
0.633353
0.627255
0.621118
0.614943
0.60873
0.60248
0.596192
0.589868
0.583507
0.57711
0.570677
0.56421
0.557707
0.55117
0.5446
0.537995
0.531357
0.524687
0.517984
0.511249
0.504483
0.497685
0.490857
0.483999
0.47711
0.470193
0.463246
0.456271
0.449267
0.442236
0.435177
0.428092
0.42098
0.413843
0.406679
0.399491
0.392278
0.385041
0.37778
0.370495
0.363188
0.355859
0.348507
0.341134
0.33374
0.326326
0.318891
0.311436
0.303963
0.29647
0.28896
0.281431
0.273885
0.266322
0.258743
0.251148
0.243537
0.235912
0.228271
0.220617
0.212949
0.205268
0.197574
0.189868
0.182151
0.174422
0.166682
0.158932
0.151172
0.143403
0.135625
0.127839
0.120045
0.112243
0.104435
0.0966198
0.0887988
0.0809725
0.0731411
0.0653052
0.0574652
0.0496217
0.0417752
0.0339261
0.0260749
0.0182221
0.0103681
0.00251352
-0.00534122
-0.0131956
-0.0210492
-0.0289015
-0.036752
-0.0446003
-0.0524458
-0.060288
-0.0681266
-0.0759609
-0.0837906
-0.091615
-0.0994339
-0.107247
-0.115053
-0.122852
-0.130643
-0.138426
-0.146201
-0.153967
-0.161723
-0.169469
-0.177205
-0.18493
-0.192644
-0.200345
-0.208035
-0.215711
-0.223374
-0.231023
-0.238659
-0.246279
-0.253884
-0.261474
-0.269047
-0.276604
-0.284143
-0.291666
-0.29917
-0.306655
-0.314122
-0.32157
-0.328997
-0.336404
-0.343791
-0.351156
-0.3585
-0.365821
-0.37312
-0.380396
-0.387649
-0.394877
-0.402082
-0.409261
-0.416415
-0.423543
-0.430646
-0.437722
-0.44477
-0.451792
-0.458785
-0.46575
-0.472686
-0.479594
-0.486471
-0.493319
-0.500136
-0.506922
-0.513677
-0.520401
-0.527092
-0.533751
-0.540376
-0.546969
-0.553528
-0.560052
-0.566542
-0.572997
-0.579417
-0.585801
-0.592149
-0.59846
-0.604734
-0.610971
-0.617171
-0.623332
-0.629455
-0.635539
-0.641583
-0.647589
-0.653554
-0.659479
-0.665363
-0.671206
-0.677008
-0.682768
-0.688486
-0.694161
-0.699794
-0.705383
-0.710929
-0.716431
-0.721889
-0.727302
-0.73267
-0.737993
-0.743271
-0.748503
-0.753688
-0.758827
-0.76392
-0.768965
-0.773963
-0.778913
-0.783814
-0.788668
-0.793473
-0.798229
-0.802935
-0.807593
-0.8122
-0.816757
-0.821264
-0.82572
-0.830125
-0.834479
-0.838782
-0.843033
-0.847231
-0.851378
-0.855472
-0.859513
-0.863501
-0.867436
-0.871317
-0.875145
-0.878918
-0.882638
-0.886303
-0.889913
-0.893468
-0.896968
-0.900413
-0.903802
-0.907136
-0.910413
-0.913635
-0.9168
-0.919908
-0.92296
-0.925955
-0.928892
-0.931773
-0.934596
-0.937361
-0.940068
-0.942718
-0.945309
-0.947842
-0.950316
-0.952732
-0.955089
-0.957387
-0.959626
-0.961805
-0.963926
-0.965987
-0.967988
-0.96993
-0.971812
-0.973633
-0.975395
-0.977097
-0.978738
-0.980319
-0.981839
-0.983299
-0.984698
-0.986037
-0.987314
-0.988531
-0.989687
-0.990781
-0.991815
-0.992787
-0.993698
-0.994548
-0.995337
-0.996064
-0.996729
-0.997333
-0.997876
-0.998357
-0.998776
-0.999134
-0.99943
-0.999664
-0.999837
-0.999948
-0.999997
-0.999985
-0.999911
-0.999775
-0.999578
-0.999319
-0.998998
-0.998616
-0.998172
-0.997666
-0.997099
-0.99647
-0.99578
-0.995029
-0.994216
-0.993341
-0.992406
-0.991409
-0.990351
-0.989232
-0.988052
-0.986811
-0.985509
-0.984146
-0.982723
-0.981238
-0.979694
-0.978089
-0.976423
-0.974698
-0.972912
-0.971066
-0.96916
-0.967195
-0.96517
-0.963085
-0.960941
-0.958737
-0.956475
-0.954153
-0.951772
-0.949333
-0.946835
-0.944279
-0.941665
-0.938992
-0.936262
-0.933473
-0.930628
-0.927724
-0.924764
-0.921746
-0.918672
-0.915541
-0.912353
-0.909109
-0.905809
-0.902453
-0.899042
-0.895575
-0.892053
-0.888475
-0.884843
-0.881156
-0.877415
-0.87362
-0.869771
-0.865868
-0.861912
-0.857903
-0.85384
-0.849725
-0.845558
-0.841338
-0.837067
-0.832744
-0.828369
-0.823944
-0.819467
-0.81494
-0.810363
-0.805736
-0.801059
-0.796332
-0.791557
-0.786732
-0.781859
-0.776938
-0.771969
-0.766952
-0.761888
-0.756777
-0.75162
-0.746416
-0.741165
-0.735869
-0.730528
-0.725142
-0.719711
-0.714235
-0.708716
-0.703152
-0.697546
-0.691896
-0.686204
-0.680469
-0.674692
-0.668874
-0.663014
-0.657114
-0.651173
-0.645191
-0.63917
-0.63311
-0.62701
-0.620872
-0.614695
-0.608481
-0.602229
-0.59594
-0.589614
-0.583252
-0.576853
-0.570419
-0.56395
-0.557446
-0.550908
-0.544336
-0.53773
-0.531091
-0.524419
-0.517715
-0.510979
-0.504212
-0.497413
-0.490583
-0.483724
-0.476834
-0.469915
-0.462967
-0.455991
-0.448986
-0.441954
-0.434894
-0.427808
-0.420695
-0.413556
-0.406392
-0.399203
-0.391989
-0.384751
-0.377489
-0.370204
-0.362896
-0.355565
-0.348213
-0.340839
-0.333444
-0.326029
-0.318593
-0.311138
-0.303663
-0.29617
-0.288659
-0.28113
-0.273583
-0.26602
-0.25844
-0.250844
-0.243233
-0.235606
-0.227965
-0.220311
-0.212642
-0.20496
-0.197266
-0.18956
-0.181842
-0.174112
-0.166372
-0.158622
-0.150862
-0.143092
-0.135314
-0.127527
-0.119733
-0.111931
-0.104122
-0.096307
-0.0884859
-0.0806593
-0.0728277
-0.0649916
-0.0571515
-0.0493079
-0.0414613
-0.0336121
-0.0257608
-0.0179079
-0.0100539
-0.00219933
0.0056554
0.0135098
0.0213633
0.0292156
0.037066
0.0449142
0.0527595
0.0606016
0.06844
0.0762742
0.0841036
0.0919279
0.0997465
0.107559
0.115365
0.123163
0.130954
0.138738
0.146512
0.154277
0.162033
0.169779
0.177515
0.185239
0.192952
0.200653
0.208342
0.216018
0.22368
0.231329
0.238964
0.246583
0.254188
0.261777
0.26935
0.276906
0.284445
0.291966
0.299469
0.306954
0.31442
0.321867
0.329294
0.3367
0.344086
0.35145
0.358793
0.366114
0.373412
0.380687
0.387938
0.395166
0.402369
0.409548
0.416701
0.423828
0.430929
0.438004
0.445052
0.452072
0.459064
0.466028
0.472963
0.479869
0.486746
0.493592
0.500408
0.507193
0.513947
0.520669
0.527359
0.534016
0.540641
0.547232
0.553789
0.560312
0.566801
0.573255
0.579673
0.586055
0.592402
0.598712
0.604984
0.61122
0.617418
0.623578
0.629699
0.635781
0.641824
0.647828
0.653792
0.659715
0.665597
0.671439
0.677239
0.682997
0.688713
0.694387
0.700018
0.705606
0.71115
0.71665
0.722106
0.727517
0.732884
0.738205
0.743481
0.748711
0.753895
0.759032
0.764122
0.769166
0.774161
0.77911
0.78401
0.788861
0.793664
0.798418
0.803123
0.807778
0.812383
0.816938
0.821443
0.825897
0.8303
0.834652
0.838953
0.843201
0.847398
0.851542
0.855634
0.859673
0.863659
0.867592
0.871471
0.875297
0.879068
0.882785
0.886448
0.890056
0.893609
0.897107
0.90055
0.903937
0.907268
0.910543
0.913763
0.916925
0.920032
0.923081
0.926073
0.929009
0.931887
0.934707
0.93747
0.940175
0.942822
0.945411
0.947942
0.950414
0.952827
0.955182
0.957477
0.959714
0.961891
0.964009
0.966068
0.968067
0.970006
0.971886
0.973705
0.975464
0.977164
0.978802
0.980381
0.981899
0.983356
0.984753
0.986089
0.987364
0.988579
0.989732
0.990824
0.991855
0.992825
0.993734
0.994581
0.995367
0.996091
0.996754
0.997356
0.997896
0.998374
0.998791
0.999147
0.99944
0.999672
0.999842
0.999951
0.999998
0.999983
0.999907
0.999768
0.999569
0.999307
0.998984
0.998599
0.998152
0.997644
0.997075
0.996444
0.995751
0.994997
0.994182
0.993305
0.992367
0.991368
0.990307
0.989186
0.988003
0.98676
0.985455
0.98409
0.982664
0.981178
0.979631
0.978023
0.976355
0.974627
0.972839
0.970991
0.969083
0.967115
0.965087
0.963
0.960854
0.958648
0.956383
0.954059
0.951676
0.949234
0.946734
0.944176
0.941559
0.938884
0.936151
0.933361
0.930513
0.927607
0.924644
0.921624
0.918548
0.915414
0.912224
0.908978
0.905676
0.902318
0.898904
0.895435
0.891911
0.888331
0.884697
0.881008
0.877265
0.873467
0.869616
0.865711
0.861753
0.857741
0.853677
0.84956
0.84539
0.841169
0.836895
0.83257
0.828193
0.823766
0.819287
0.814758
0.810179
0.80555
0.800871
0.796142
0.791365
0.786538
0.781664
0.77674
0.771769
0.766751
0.761685
0.756572
0.751412
0.746206
0.740954
0.735657
0.730314
0.724925
0.719493
0.714015
0.708494
0.702929
0.697321
0.691669
0.685975
0.680239
0.67446
0.66864
0.662779
0.656877
0.650934
0.644951
0.638929
0.632867
0.626765
0.620626
0.614448
0.608232
0.601978
0.595687
0.58936
0.582996
0.576597
0.570161
0.563691
0.557186
0.550646
0.544072
0.537465
0.530825
0.524152
0.517446
0.510709
0.50394
0.49714
0.49031
0.483449
0.476558
0.469638
0.462689
0.455711
0.448706
0.441672
0.434612
0.427524
0.42041
0.41327
0.406105
0.398915
0.3917
0.384461
0.377198
0.369912
0.362603
0.355271
0.347918
0.340544
0.333148
0.325732
0.318295
0.310839
0.303364
0.29587
0.288358
0.280828
0.273281
0.265717
0.258136
0.25054
0.242928
0.235301
0.22766
0.220004
0.212335
0.204653
0.196958
0.189251
0.181533
0.173803
0.166062
0.158312
0.150551
0.142781
0.135003
0.127216
0.119421
0.111619
0.10381
0.0959943
0.0881729
0.0803461
0.0725143
0.0646781
0.0568379
0.0489941
0.0411474
0.0332981
0.0254467
0.0175938
0.00973976
0.00188514
-0.00596959
-0.0138239
-0.0216775
-0.0295296
-0.03738
-0.045228
-0.0530733
-0.0609153
-0.0687535
-0.0765875
-0.0844167
-0.0922408
-0.100059
-0.107871
-0.115677
-0.123475
-0.131266
-0.139049
-0.146823
-0.154588
-0.162343
-0.170089
-0.177824
-0.185548
-0.19326
-0.200961
-0.208649
-0.216325
-0.223987
-0.231635
-0.239269
-0.246888
-0.254492
-0.26208
-0.269652
-0.277207
-0.284746
-0.292267
-0.299769
-0.307253
-0.314719
-0.322165
-0.329591
-0.336996
-0.344381
-0.351745
-0.359086
-0.366406
-0.373703
-0.380977
-0.388228
-0.395455
-0.402657
-0.409834
-0.416986
-0.424113
-0.431213
-0.438286
-0.445333
-0.452352
-0.459343
-0.466306
-0.47324
-0.480145
-0.48702
-0.493865
-0.50068
-0.507464
-0.514216
-0.520937
-0.527626
-0.534282
-0.540905
-0.547495
-0.554051
-0.560573
-0.56706
-0.573512
-0.579929
-0.58631
-0.592655
-0.598963
-0.605235
-0.611469
-0.617665
-0.623823
-0.629943
-0.636024
-0.642065
-0.648067
-0.654029
-0.659951
-0.665832
-0.671672
-0.67747
-0.683227
-0.688941
-0.694613
-0.700242
-0.705828
-0.711371
-0.716869
-0.722323
-0.727733
-0.733098
-0.738417
-0.743691
-0.748919
-0.754101
-0.759237
-0.764325
-0.769366
-0.77436
-0.779306
-0.784205
-0.789054
-0.793855
-0.798607
-0.80331
-0.807963
-0.812566
-0.81712
-0.821622
-0.826074
-0.830476
-0.834825
-0.839124
-0.84337
-0.847565
-0.851707
-0.855797
-0.859834
-0.863818
-0.867748
-0.871625
-0.875449
-0.879218
-0.882933
-0.886593
-0.890199
-0.89375
-0.897246
-0.900686
-0.904071
-0.9074
-0.910673
-0.91389
-0.917051
-0.920155
-0.923202
-0.926192
-0.929125
-0.932001
-0.934819
-0.93758
-0.940282
-0.942927
-0.945513
-0.948042
-0.950511
-0.952922
-0.955275
-0.957568
-0.959802
-0.961977
-0.964093
-0.966149
-0.968146
-0.970083
-0.97196
-0.973777
-0.975534
-0.97723
-0.978867
-0.980443
-0.981958
-0.983413
-0.984808
-0.986141
-0.987414
-0.988626
-0.989777
-0.990866
-0.991895
-0.992862
-0.993769
-0.994613
-0.995397
-0.996119
-0.99678
-0.997379
-0.997916
-0.998392
-0.998807
-0.99916
-0.999451
-0.99968
-0.999848
-0.999954
-0.999999
-0.999981
-0.999902
-0.999762
-0.999559
-0.999295
-0.99897
-0.998582
-0.998133
-0.997623
-0.997051
-0.996417
-0.995722
-0.994966
-0.994148
-0.993269
-0.992328
-0.991327
-0.990264
-0.98914
-0.987955
-0.986709
-0.985402
-0.984034
-0.982606
-0.981117
-0.979568
-0.977958
-0.976288
-0.974557
-0.972766
-0.970916
-0.969005
-0.967035
-0.965005
-0.962915
-0.960767
-0.958558
-0.956291
-0.953965
-0.951579
-0.949136
-0.946633
-0.944072
-0.941453
-0.938776
-0.936041
-0.933248
-0.930397
-0.92749
-0.924524
-0.921502
-0.918423
-0.915288
-0.912096
-0.908847
-0.905543
-0.902182
-0.898766
-0.895295
-0.891768
-0.888187
-0.88455
-0.880859
-0.877114
-0.873314
-0.869461
-0.865554
-0.861593
-0.85758
-0.853513
-0.849394
-0.845222
-0.840999
-0.836723
-0.832396
-0.828017
-0.823587
-0.819107
-0.814576
-0.809995
-0.805363
-0.800682
-0.795952
-0.791173
-0.786344
-0.781468
-0.776543
-0.77157
-0.766549
-0.761481
-0.756366
-0.751205
-0.745997
-0.740743
-0.735444
-0.730099
-0.724709
-0.719274
-0.713795
-0.708272
-0.702705
-0.697095
-0.691442
-0.685746
-0.680008
-0.674228
-0.668406
-0.662544
-0.65664
-0.650695
-0.644711
-0.638687
-0.632623
-0.626521
-0.620379
-0.6142
-0.607982
-0.601727
-0.595435
-0.589106
-0.582741
-0.57634
-0.569903
-0.563431
-0.556925
-0.550384
-0.543809
-0.5372
-0.530559
-0.523884
-0.517178
-0.510439
-0.503669
-0.496868
-0.490036
-0.483174
-0.476282
-0.469361
-0.46241
-0.455432
-0.448425
-0.44139
-0.434329
-0.42724
-0.420125
-0.412984
-0.405818
-0.398627
-0.391411
-0.384171
-0.376907
-0.36962
-0.36231
-0.354978
-0.347624
-0.340248
-0.332852
-0.325434
-0.317997
-0.310541
-0.303065
-0.29557
-0.288057
-0.280526
-0.272979
-0.265414
-0.257833
-0.250236
-0.242623
-0.234996
-0.227354
-0.219698
-0.212028
-0.204345
-0.19665
-0.188943
-0.181224
-0.173493
-0.165753
-0.158001
-0.15024
-0.14247
-0.134691
-0.126904
-0.119109
-0.111307
-0.103497
-0.0956816
-0.08786
-0.0800329
-0.072201
-0.0643646
-0.0565242
-0.0486803
-0.0408334
-0.032984
-0.0251326
-0.0172796
-0.00942558
-0.00157095
0.00628377
0.0141381
0.0219916
0.0298437
0.037694
0.0455419
0.053387
0.0612289
0.0690669
0.0769007
0.0847298
0.0925536
0.100372
0.108184
0.115989
0.123787
0.131577
0.13936
0.147134
0.154898
0.162653
0.170398
0.178133
0.185856
0.193569
0.201269
0.208956
0.216631
0.224293
0.23194
0.239574
0.247192
0.254796
0.262383
0.269955
0.277509
0.285047
0.292567
0.300069
0.307552
0.315017
0.322462
0.329887
0.337292
0.344676
0.352039
0.35938
0.366699
0.373995
0.381268
0.388518
0.395743
0.402944
0.410121
0.417272
0.424397
0.431496
0.438569
0.445614
0.452632
0.459622
0.466584
0.473517
0.480421
0.487295
0.494139
0.500952
0.507735
0.514486
0.521205
0.527893
0.534548
0.541169
0.547758
0.554312
0.560833
0.567319
0.573769
0.580185
0.586564
0.592908
0.599215
0.605485
0.611717
0.617912
0.624069
0.630187
0.636266
0.642306
0.648307
0.654267
0.660187
0.666066
0.671904
0.677701
0.683456
0.689169
0.694839
0.700467
0.706051
0.711591
0.717088
0.72254
0.727948
0.733311
0.738629
0.743901
0.749127
0.754307
0.759441
0.764528
0.769567
0.774559
0.779503
0.784399
0.789247
0.794046
0.798796
0.803497
0.808148
0.812749
0.817301
0.821801
0.826251
0.83065
0.834998
0.839295
0.843539
0.847732
0.851872
0.855959
0.859994
0.863976
0.867904
0.871779
0.8756
0.879367
0.88308
0.886739
0.890342
0.893891
0.897385
0.900823
0.904205
0.907532
0.910803
0.914018
0.917176
0.920278
0.923322
0.92631
0.929241
0.932115
0.934931
0.937689
0.940389
0.943032
0.945616
0.948142
0.950609
0.953018
0.955368
0.957658
0.95989
0.962063
0.964176
0.96623
0.968224
0.970159
0.972033
0.973848
0.975603
0.977297
0.978931
0.980505
0.982018
0.98347
0.984862
0.986193
0.987464
0.988673
0.989821
0.990909
0.991935
0.9929
0.993804
0.994646
0.995427
0.996147
0.996805
0.997401
0.997937
0.99841
0.998822
0.999172
0.999461
0.999688
0.999853
0.999957
0.999999
0.999979
0.999898
0.999755
0.99955
0.999283
0.998955
0.998565
0.998114
0.997601
0.997027
0.996391
0.995693
0.994934
0.994114
0.993232
0.992289
0.991285
0.99022
0.989094
0.987906
0.986658
0.985348
0.983978
0.982548
0.981056
0.979504
0.977892
0.976219
0.974487
0.972694
0.970841
0.968928
0.966955
0.964923
0.962831
0.960679
0.958469
0.956199
0.95387
0.951483
0.949037
0.946532
0.943969
0.941347
0.938668
0.93593
0.933135
0.930282
0.927372
0.924405
0.92138
0.918299
0.915161
0.911967
0.908716
0.905409
0.902047
0.898629
0.895155
0.891626
0.888042
0.884404
0.88071
0.876963
0.873161
0.869306
0.865396
0.861434
0.857418
0.853349
0.849228
0.845054
0.840829
0.836551
0.832222
0.827841
0.823409
0.818927
0.814394
0.80981
0.805177
0.800494
0.795762
0.79098
0.78615
0.781271
0.776345
0.77137
0.766347
0.761278
0.756161
0.750998
0.745788
0.740532
0.735231
0.729884
0.724492
0.719056
0.713575
0.70805
0.702482
0.69687
0.691215
0.685518
0.679778
0.673996
0.668173
0.662308
0.656403
0.650457
0.644471
0.638445
0.63238
0.626276
0.620133
0.613952
0.607733
0.601476
0.595183
0.588852
0.582486
0.576083
0.569645
0.563172
0.556664
0.550121
0.543545
0.536935
0.530292
0.523617
0.516909
0.510169
0.503397
0.496595
0.489762
0.482899
0.476006
0.469083
0.462132
0.455152
0.448144
0.441108
0.434045
0.426956
0.41984
0.412698
0.405531
0.398338
0.391122
0.38388
0.376616
0.369328
0.362017
0.354684
0.347329
0.339953
0.332555
0.325137
0.317699
0.310242
0.302765
0.29527
0.287756
0.280225
0.272676
0.265111
0.257529
0.249931
0.242318
0.23469
0.227048
0.219391
0.211721
0.204038
0.196342
0.188634
0.180915
0.173184
0.165443
0.157691
0.14993
0.142159
0.13438
0.126592
0.118797
0.110994
0.103185
0.0953688
0.087547
0.0797198
0.0718876
0.064051
0.0562105
0.0483665
0.0405195
0.03267
0.0248185
0.0169655
0.0091114
0.00125676
-0.00659796
-0.0144523
-0.0223057
-0.0301577
-0.0380079
-0.0458558
-0.0537008
-0.0615425
-0.0693804
-0.077214
-0.0850428
-0.0928664
-0.100684
-0.108496
-0.116301
-0.124099
-0.131889
-0.139671
-0.147444
-0.155209
-0.162963
-0.170708
-0.178442
-0.186165
-0.193877
-0.201576
-0.209264
-0.216938
-0.224599
-0.232246
-0.239879
-0.247497
-0.255099
-0.262686
-0.270257
-0.277811
-0.285348
-0.292867
-0.300369
-0.307851
-0.315315
-0.322759
-0.330184
-0.337588
-0.344971
-0.352333
-0.359673
-0.366991
-0.374286
-0.381558
-0.388807
-0.396032
-0.403232
-0.410407
-0.417557
-0.424682
-0.43178
-0.438851
-0.445896
-0.452912
-0.459901
-0.466862
-0.473794
-0.480696
-0.487569
-0.494412
-0.501224
-0.508005
-0.514755
-0.521474
-0.52816
-0.534813
-0.541434
-0.548021
-0.554574
-0.561093
-0.567577
-0.574027
-0.580441
-0.586819
-0.593161
-0.599466
-0.605735
-0.611966
-0.618159
-0.624314
-0.630431
-0.636508
-0.642547
-0.648546
-0.654504
-0.660423
-0.666301
-0.672137
-0.677932
-0.683685
-0.689397
-0.695065
-0.700691
-0.706273
-0.711812
-0.717307
-0.722758
-0.728164
-0.733525
-0.738841
-0.744111
-0.749336
-0.754514
-0.759645
-0.76473
-0.769768
-0.774758
-0.7797
-0.784594
-0.78944
-0.794237
-0.798985
-0.803684
-0.808333
-0.812932
-0.817482
-0.82198
-0.826428
-0.830825
-0.835171
-0.839465
-0.843708
-0.847898
-0.852036
-0.856122
-0.860154
-0.864134
-0.86806
-0.871933
-0.875752
-0.879517
-0.883228
-0.886884
-0.890485
-0.894032
-0.897523
-0.900959
-0.90434
-0.907664
-0.910933
-0.914145
-0.917301
-0.9204
-0.923443
-0.926429
-0.929357
-0.932228
-0.935042
-0.937798
-0.940496
-0.943136
-0.945718
-0.948241
-0.950706
-0.953113
-0.95546
-0.957749
-0.959978
-0.962149
-0.96426
-0.966311
-0.968303
-0.970235
-0.972107
-0.973919
-0.975671
-0.977363
-0.978995
-0.980566
-0.982077
-0.983527
-0.984917
-0.986245
-0.987513
-0.98872
-0.989866
-0.990951
-0.991975
-0.992937
-0.993838
-0.994678
-0.995457
-0.996174
-0.99683
-0.997424
-0.997957
-0.998428
-0.998837
-0.999185
-0.999471
-0.999696
-0.999859
-0.99996
-0.999999
-0.999977
-0.999893
-0.999748
-0.99954
-0.999271
-0.998941
-0.998549
-0.998095
-0.997579
-0.997002
-0.996364
-0.995664
-0.994903
-0.99408
-0.993196
-0.99225
-0.991244
-0.990176
-0.989047
-0.987857
-0.986607
-0.985295
-0.983922
-0.982489
-0.980995
-0.979441
-0.977826
-0.976151
-0.974416
-0.972621
-0.970765
-0.96885
-0.966875
-0.96484
-0.962746
-0.960592
-0.958379
-0.956107
-0.953776
-0.951386
-0.948937
-0.94643
-0.943865
-0.941241
-0.938559
-0.935819
-0.933022
-0.930167
-0.927254
-0.924285
-0.921258
-0.918175
-0.915034
-0.911838
-0.908585
-0.905276
-0.901911
-0.898491
-0.895015
-0.891484
-0.887898
-0.884257
-0.880561
-0.876812
-0.873008
-0.86915
-0.865239
-0.861274
-0.857256
-0.853186
-0.849062
-0.844886
-0.840658
-0.836379
-0.832047
-0.827665
-0.823231
-0.818746
-0.814211
-0.809626
-0.804991
-0.800306
-0.795572
-0.790788
-0.785956
-0.781075
-0.776146
-0.77117
-0.766145
-0.761074
-0.755955
-0.75079
-0.745579
-0.740321
-0.735018
-0.729669
-0.724276
-0.718838
-0.713355
-0.707828
-0.702258
-0.696645
-0.690988
-0.685289
-0.679547
-0.673764
-0.667939
-0.662073
-0.656166
-0.650218
-0.644231
-0.638203
-0.632136
-0.626031
-0.619886
-0.613704
-0.607483
-0.601225
-0.59493
-0.588598
-0.58223
-0.575826
-0.569387
-0.562912
-0.556403
-0.549859
-0.543281
-0.53667
-0.530026
-0.523349
-0.51664
-0.509898
-0.503126
-0.496322
-0.489488
-0.482623
-0.475729
-0.468806
-0.461853
-0.454872
-0.447863
-0.440826
-0.433762
-0.426672
-0.419555
-0.412412
-0.405244
-0.39805
-0.390832
-0.38359
-0.376325
-0.369036
-0.361724
-0.35439
-0.347034
-0.339657
-0.332259
-0.32484
-0.317401
-0.309943
-0.302466
-0.29497
-0.287455
-0.279923
-0.272374
-0.264808
-0.257225
-0.249627
-0.242013
-0.234385
-0.226742
-0.219084
-0.211414
-0.20373
-0.196034
-0.188326
-0.180606
-0.172875
-0.165133
-0.157381
-0.149619
-0.141848
-0.134069
-0.126281
-0.118485
-0.110682
-0.102872
-0.095056
-0.087234
-0.0794066
-0.0715742
-0.0637375
-0.0558968
-0.0480527
-0.0402056
-0.032356
-0.0245044
-0.0166513
-0.00879723
-0.000942572
0.00691214
0.0147664
0.0226198
0.0304718
0.0383219
0.0461696
0.0540145
0.0618561
0.0696938
0.0775272
0.0853559
0.0931793
0.100997
0.108808
0.116613
0.124411
0.1322
0.139982
0.147755
0.155519
0.163273
0.171018
0.178751
0.186474
0.194185
0.201884
0.209571
0.217245
0.224905
0.232552
0.240184
0.247801
0.255403
0.26299
0.27056
0.278113
0.285649
0.293168
0.300668
0.30815
0.315613
0.323057
0.33048
0.337883
0.345266
0.352627
0.359966
0.367283
0.374577
0.381849
0.389096
0.39632
0.403519
0.410694
0.417843
0.424966
0.432063
0.439133
0.446177
0.453192
0.46018
0.46714
0.47407
0.480972
0.487843
0.494685
0.501496
0.508276
0.515025
0.521742
0.528426
0.535078
0.541698
0.548283
0.554835
0.561353
0.567836
0.574284
0.580697
0.587073
0.593414
0.599718
0.605985
0.612214
0.618406
0.62456
0.630675
0.636751
0.642788
0.648785
0.654742
0.660659
0.666535
0.67237
0.678163
0.683915
0.689624
0.695291
0.700915
0.706496
0.712033
0.717526
0.722975
0.728379
0.733738
0.739052
0.744321
0.749544
0.75472
0.75985
0.764933
0.769968
0.774956
0.779897
0.784789
0.789633
0.794428
0.799174
0.803871
0.808518
0.813115
0.817663
0.822159
0.826605
0.831
0.835344
0.839636
0.843876
0.848065
0.852201
0.856284
0.860315
0.864292
0.868216
0.872087
0.875904
0.879667
0.883375
0.887029
0.890628
0.894173
0.897662
0.901095
0.904474
0.907796
0.911062
0.914272
0.917426
0.920523
0.923564
0.926547
0.929473
0.932342
0.935153
0.937907
0.940603
0.94324
0.94582
0.948341
0.950804
0.953208
0.955553
0.957839
0.960066
0.962234
0.964343
0.966392
0.968381
0.970311
0.972181
0.973991
0.97574
0.97743
0.979059
0.980628
0.982136
0.983584
0.984971
0.986297
0.987563
0.988767
0.989911
0.990993
0.992014
0.992974
0.993873
0.994711
0.995487
0.996202
0.996855
0.997447
0.997977
0.998445
0.998852
0.999198
0.999481
0.999704
0.999864
0.999963
1
0.999975
0.999889
0.999741
0.999531
0.999259
0.998926
0.998532
0.998075
0.997557
0.996978
0.996337
0.995635
0.994871
0.994046
0.993159
0.992211
0.991202
0.990132
0.989001
0.987808
0.986555
0.985241
0.983866
0.982431
0.980934
0.979378
0.977761
0.976083
0.974345
0.972548
0.97069
0.968772
0.966794
0.964757
0.962661
0.960505
0.958289
0.956015
0.953682
0.951289
0.948838
0.946329
0.943761
0.941135
0.938451
0.935709
0.932909
0.930051
0.927137
0.924165
0.921136
0.91805
0.914908
0.911709
0.908454
0.905143
0.901776
0.898353
0.894875
0.891341
0.887753
0.88411
0.880413
0.876661
0.872855
0.868995
0.865081
0.861114
0.857094
0.853022
0.848896
0.844718
0.840488
0.836206
0.831873
0.827488
0.823053
0.818566
0.814029
0.809442
0.804804
0.800117
0.795381
0.790596
0.785762
0.780879
0.775948
0.77097
0.765943
0.76087
0.75575
0.750583
0.745369
0.74011
0.734805
0.729455
0.724059
0.718619
0.713135
0.707606
0.702034
0.696419
0.690761
0.68506
0.679317
0.673532
0.667705
0.661837
0.655929
0.649979
0.64399
0.637961
0.631893
0.625786
0.61964
0.613456
0.607234
0.600974
0.594678
0.588344
0.581975
0.575569
0.569128
0.562652
0.556142
0.549596
0.543017
0.536405
0.529759
0.523081
0.516371
0.509628
0.502854
0.496049
0.489214
0.482348
0.475453
0.468528
0.461574
0.454592
0.447582
0.440544
0.433479
0.426388
0.41927
0.412126
0.404956
0.397762
0.390543
0.3833
0.376034
0.368744
0.361431
0.354096
0.34674
0.339362
0.331963
0.324543
0.317104
0.309644
0.302166
0.294669
0.287154
0.279622
0.272072
0.264505
0.256922
0.249323
0.241708
0.234079
0.226436
0.218778
0.211107
0.203423
0.195726
0.188017
0.180297
0.172565
0.164823
0.157071
0.149309
0.141537
0.133757
0.125969
0.118173
0.11037
0.10256
0.0947433
0.086921
0.0790934
0.0712608
0.0634239
0.0555831
0.0477388
0.0398916
0.032042
0.0241903
0.0163372
0.00848305
0.000628381
-0.00722632
-0.0150806
-0.0229339
-0.0307858
-0.0386358
-0.0464835
-0.0543282
-0.0621696
-0.0700072
-0.0778405
-0.0856689
-0.0934921
-0.101309
-0.109121
-0.116925
-0.124722
-0.132512
-0.140293
-0.148066
-0.155829
-0.163583
-0.171327
-0.17906
-0.186783
-0.194493
-0.202192
-0.209878
-0.217551
-0.225211
-0.232857
-0.240489
-0.248106
-0.255707
-0.263293
-0.270862
-0.278415
-0.28595
-0.293468
-0.300968
-0.308449
-0.315911
-0.323354
-0.330777
-0.338179
-0.345561
-0.352921
-0.360259
-0.367575
-0.374869
-0.382139
-0.389386
-0.396609
-0.403807
-0.41098
-0.418128
-0.42525
-0.432346
-0.439416
-0.446458
-0.453473
-0.460459
-0.467417
-0.474347
-0.481247
-0.488117
-0.494958
-0.501768
-0.508546
-0.515294
-0.52201
-0.528693
-0.535344
-0.541962
-0.548546
-0.555097
-0.561613
-0.568095
-0.574541
-0.580952
-0.587328
-0.593667
-0.599969
-0.606235
-0.612463
-0.618653
-0.624805
-0.630918
-0.636993
-0.643028
-0.649024
-0.654979
-0.660895
-0.666769
-0.672602
-0.678394
-0.684144
-0.689852
-0.695517
-0.701139
-0.706718
-0.712253
-0.717745
-0.723192
-0.728594
-0.733952
-0.739264
-0.744531
-0.749752
-0.754926
-0.760054
-0.765135
-0.770169
-0.775155
-0.780093
-0.784984
-0.789826
-0.794619
-0.799363
-0.804058
-0.808703
-0.813298
-0.817843
-0.822338
-0.826782
-0.831175
-0.835517
-0.839807
-0.844045
-0.848231
-0.852365
-0.856446
-0.860475
-0.86445
-0.868372
-0.872241
-0.876055
-0.879816
-0.883522
-0.887174
-0.890771
-0.894313
-0.8978
-0.901232
-0.904608
-0.907928
-0.911192
-0.9144
-0.917551
-0.920646
-0.923684
-0.926665
-0.929589
-0.932456
-0.935265
-0.938016
-0.940709
-0.943345
-0.945922
-0.948441
-0.950901
-0.953303
-0.955646
-0.957929
-0.960154
-0.96232
-0.964426
-0.966473
-0.96846
-0.970387
-0.972254
-0.974062
-0.975809
-0.977496
-0.979123
-0.980689
-0.982195
-0.983641
-0.985025
-0.986349
-0.987612
-0.988814
-0.989955
-0.991035
-0.992054
-0.993012
-0.993908
-0.994743
-0.995517
-0.996229
-0.99688
-0.997469
-0.997997
-0.998463
-0.998867
-0.99921
-0.999492
-0.999711
-0.999869
-0.999965
-1
-0.999973
-0.999884
-0.999733
-0.999521
-0.999247
-0.998912
-0.998515
-0.998056
-0.997535
-0.996954
-0.99631
-0.995605
-0.994839
-0.994011
-0.993122
-0.992172
-0.991161
-0.990088
-0.988954
-0.98776
-0.986504
-0.985187
-0.98381
-0.982372
-0.980873
-0.979314
-0.977695
-0.976015
-0.974275
-0.972474
-0.970614
-0.968694
-0.966714
-0.964675
-0.962576
-0.960417
-0.9582
-0.955923
-0.953587
-0.951192
-0.948739
-0.946227
-0.943657
-0.941029
-0.938342
-0.935598
-0.932796
-0.929936
-0.927019
-0.924045
-0.921014
-0.917925
-0.914781
-0.91158
-0.908322
-0.905009
-0.90164
-0.898215
-0.894734
-0.891199
-0.887609
-0.883963
-0.880264
-0.876509
-0.872701
-0.868839
-0.864924
-0.860955
-0.856933
-0.852858
-0.84873
-0.84455
-0.840318
-0.836034
-0.831699
-0.827312
-0.822874
-0.818385
-0.813846
-0.809257
-0.804618
-0.799929
-0.795191
-0.790403
-0.785567
-0.780683
-0.77575
-0.77077
-0.765741
-0.760666
-0.755544
-0.750375
-0.74516
-0.739899
-0.734592
-0.72924
-0.723842
-0.718401
-0.712915
-0.707384
-0.701811
-0.696194
-0.690534
-0.684831
-0.679086
-0.673299
-0.667471
-0.661602
-0.655691
-0.649741
-0.64375
-0.637719
-0.631649
-0.625541
-0.619393
-0.613207
-0.606984
-0.600723
-0.594425
-0.58809
-0.581719
-0.575312
-0.56887
-0.562393
-0.55588
-0.549334
-0.542754
-0.53614
-0.529493
-0.522813
-0.516101
-0.509358
-0.502583
-0.495777
-0.48894
-0.482073
-0.475176
-0.46825
-0.461296
-0.454312
-0.447301
-0.440262
-0.433196
-0.426103
-0.418984
-0.411839
-0.404669
-0.397474
-0.390254
-0.38301
-0.375742
-0.368452
-0.361138
-0.353803
-0.346445
-0.339066
-0.331666
-0.324246
-0.316806
-0.309346
-0.301867
-0.294369
-0.286853
-0.27932
-0.271769
-0.264202
-0.256618
-0.249019
-0.241404
-0.233774
-0.22613
-0.218471
-0.2108
-0.203115
-0.195418
-0.187708
-0.179988
-0.172256
-0.164513
-0.15676
-0.148998
-0.141226
-0.133446
-0.125657
-0.117861
-0.110058
-0.102247
-0.0944305
-0.086608
-0.0787801
-0.0709474
-0.0631104
-0.0552694
-0.047425
-0.0395777
-0.0317279
-0.0238762
-0.016023
-0.00816887
-0.000314191
0.0075405
0.0153947
0.023248
0.0310999
0.0389498
0.0467973
0.054642
0.0624832
0.0703206
0.0781537
0.085982
0.0938049
0.101622
0.109433
0.117237
0.125034
0.132823
0.140604
0.148376
0.15614
0.163893
0.171637
0.179369
0.187091
0.194801
0.2025
0.210185
0.217858
0.225517
0.233163
0.240794
0.24841
0.256011
0.263596
0.271165
0.278717
0.286251
0.293769
0.301268
0.308748
0.316209
0.323651
0.331073
0.338475
0.345855
0.353215
0.360552
0.367867
0.37516
0.382429
0.389675
0.396897
0.404094
0.411267
0.418414
0.425535
0.43263
0.439698
0.446739
0.453753
0.460738
0.467695
0.474623
0.481522
0.488392
0.495231
0.502039
0.508817
0.515563
0.522278
0.52896
0.535609
0.542226
0.548809
0.555358
0.561873
0.568353
0.574798
0.581208
0.587582
0.593919
0.60022
0.606484
0.612711
0.6189
0.62505
0.631162
0.637235
0.643269
0.649263
0.655217
0.66113
0.667003
0.672835
0.678625
0.684373
0.690079
0.695742
0.701363
0.70694
0.712474
0.717963
0.723409
0.728809
0.734165
0.739476
0.74474
0.749959
0.755132
0.760258
0.765337
0.770369
0.775353
0.78029
0.785178
0.790018
0.794809
0.799552
0.804244
0.808888
0.813481
0.818024
0.822517
0.826959
0.83135
0.835689
0.839977
0.844213
0.848398
0.852529
0.856609
0.860635
0.864608
0.868528
0.872394
0.876207
0.879965
0.883669
0.887319
0.890914
0.894454
0.897938
0.901368
0.904741
0.908059
0.911321
0.914527
0.917676
0.920769
0.923804
0.926783
0.929705
0.932569
0.935376
0.938125
0.940816
0.943449
0.946024
0.94854
0.950998
0.953398
0.955738
0.95802
0.960242
0.962405
0.964509
0.966553
0.968538
0.970463
0.972328
0.974133
0.975878
0.977562
0.979187
0.980751
0.982254
0.983697
0.985079
0.986401
0.987661
0.988861
0.99
0.991077
0.992093
0.993049
0.993942
0.994775
0.995546
0.996256
0.996904
0.997491
0.998016
0.99848
0.998882
0.999223
0.999502
0.999719
0.999874
0.999968
1
0.99997
0.999879
0.999726
0.999511
0.999235
0.998897
0.998497
0.998036
0.997513
0.996929
0.996283
0.995576
0.994807
0.993977
0.993086
0.992133
0.991119
0.990044
0.988908
0.98771
0.986452
0.985133
0.983754
0.982313
0.980812
0.979251
0.977629
0.975946
0.974204
0.972401
0.970538
0.968616
0.966634
0.964592
0.96249
0.96033
0.95811
0.95583
0.953492
0.951095
0.94864
0.946126
0.943553
0.940922
0.938233
0.935487
0.932682
0.92982
0.926901
0.923925
0.920891
0.917801
0.914654
0.91145
0.908191
0.904875
0.901504
0.898077
0.894594
0.891056
0.887464
0.883816
0.880114
0.876358
0.872548
0.868684
0.864766
0.860795
0.856771
0.852694
0.848564
0.844382
0.840148
0.835862
0.831524
0.827135
0.822695
0.818205
0.813664
0.809072
0.804431
0.79974
0.795
0.790211
0.785373
0.780486
0.775552
0.770569
0.765539
0.760462
0.755338
0.750167
0.74495
0.739687
0.734378
0.729025
0.723626
0.718182
0.712694
0.707162
0.701587
0.695968
0.690306
0.684602
0.678856
0.673067
0.667237
0.661366
0.655454
0.649502
0.643509
0.637477
0.631406
0.625295
0.619146
0.612959
0.606734
0.600472
0.594172
0.587836
0.581464
0.575055
0.568612
0.562133
0.555619
0.549071
0.54249
0.535875
0.529226
0.522545
0.515832
0.509087
0.502311
0.495504
0.488666
0.481798
0.4749
0.467973
0.461017
0.454032
0.44702
0.43998
0.432913
0.425819
0.418699
0.411553
0.404382
0.397185
0.389965
0.38272
0.375451
0.36816
0.360845
0.353509
0.34615
0.33877
0.33137
0.323949
0.316508
0.309047
0.301567
0.294069
0.286552
0.279018
0.271467
0.263899
0.256314
0.248714
0.241099
0.233468
0.225823
0.218165
0.210492
0.202807
0.19511
0.1874
0.179679
0.171946
0.164203
0.15645
0.148687
0.140915
0.133135
0.125346
0.117549
0.109745
0.101935
0.0941177
0.086295
0.0784669
0.070634
0.0627968
0.0549557
0.0471112
0.0392637
0.0314139
0.0235621
0.0157089
0.00785469
-4.91097e-16
